293.000000,46.000000,544.000000
293.000000,46.000000,544.000000
293.000000,58.000000,538.000000
282.000000,58.000000,538.000000
282.000000,58.000000,538.000000
282.000000,58.000000,538.000000
282.000000,58.000000,538.000000
282.000000,58.000000,544.000000
282.000000,52.000000,544.000000
282.000000,52.000000,544.000000
282.000000,52.000000,544.000000
282.000000,52.000000,544.000000
282.000000,52.000000,544.000000
264.000000,46.000000,538.000000
264.000000,46.000000,538.000000
264.000000,46.000000,538.000000
264.000000,46.000000,538.000000
264.000000,46.000000,538.000000
264.000000,64.000000,544.000000
264.000000,64.000000,544.000000
264.000000,64.000000,544.000000
264.000000,64.000000,544.000000
264.000000,64.000000,544.000000
276.000000,58.000000,550.000000
276.000000,58.000000,550.000000
276.000000,58.000000,550.000000
276.000000,58.000000,550.000000
276.000000,58.000000,550.000000
270.000000,64.000000,525.000000
270.000000,64.000000,525.000000
270.000000,64.000000,525.000000
270.000000,64.000000,525.000000
270.000000,64.000000,525.000000
252.000000,52.000000,563.000000
252.000000,52.000000,563.000000
252.000000,52.000000,563.000000
252.000000,52.000000,563.000000
252.000000,52.000000,563.000000
282.000000,58.000000,544.000000
282.000000,58.000000,544.000000
282.000000,58.000000,544.000000
282.000000,58.000000,544.000000
282.000000,58.000000,544.000000
258.000000,52.000000,538.000000
258.000000,52.000000,538.000000
258.000000,52.000000,538.000000
258.000000,52.000000,538.000000
258.000000,52.000000,538.000000
282.000000,46.000000,538.000000
282.000000,46.000000,538.000000
282.000000,46.000000,538.000000
282.000000,46.000000,538.000000
282.000000,46.000000,538.000000
276.000000,52.000000,544.000000
276.000000,52.000000,544.000000
276.000000,52.000000,544.000000
276.000000,52.000000,544.000000
276.000000,52.000000,544.000000
264.000000,70.000000,532.000000
264.000000,70.000000,532.000000
264.000000,70.000000,532.000000
264.000000,70.000000,532.000000
264.000000,70.000000,532.000000
270.000000,58.000000,538.000000
270.000000,58.000000,538.000000
270.000000,58.000000,538.000000
270.000000,58.000000,538.000000
270.000000,58.000000,538.000000
270.000000,46.000000,550.000000
270.000000,46.000000,550.000000
270.000000,46.000000,550.000000
270.000000,46.000000,550.000000
270.000000,46.000000,550.000000
270.000000,40.000000,538.000000
270.000000,40.000000,538.000000
270.000000,40.000000,538.000000
270.000000,40.000000,538.000000
270.000000,40.000000,538.000000
276.000000,35.000000,538.000000
276.000000,35.000000,538.000000
276.000000,35.000000,538.000000
276.000000,35.000000,538.000000
276.000000,35.000000,538.000000
276.000000,46.000000,563.000000
276.000000,46.000000,563.000000
276.000000,46.000000,563.000000
276.000000,46.000000,563.000000
276.000000,46.000000,563.000000
276.000000,64.000000,557.000000
276.000000,64.000000,557.000000
276.000000,64.000000,557.000000
276.000000,64.000000,557.000000
276.000000,64.000000,557.000000
264.000000,52.000000,513.000000
264.000000,52.000000,513.000000
264.000000,52.000000,513.000000
264.000000,52.000000,513.000000
264.000000,52.000000,513.000000
270.000000,52.000000,532.000000
270.000000,52.000000,532.000000
270.000000,52.000000,532.000000
270.000000,52.000000,532.000000
270.000000,52.000000,532.000000
276.000000,52.000000,532.000000
276.000000,52.000000,532.000000
276.000000,52.000000,532.000000
276.000000,52.000000,532.000000
276.000000,52.000000,532.000000
276.000000,58.000000,557.000000
276.000000,58.000000,557.000000
276.000000,58.000000,557.000000
276.000000,58.000000,557.000000
276.000000,58.000000,557.000000
264.000000,46.000000,538.000000
264.000000,46.000000,538.000000
264.000000,46.000000,538.000000
264.000000,46.000000,538.000000
264.000000,46.000000,538.000000
264.000000,46.000000,544.000000
264.000000,46.000000,544.000000
264.000000,46.000000,544.000000
264.000000,46.000000,544.000000
264.000000,46.000000,544.000000
276.000000,46.000000,544.000000
276.000000,46.000000,544.000000
276.000000,46.000000,544.000000
276.000000,46.000000,544.000000
276.000000,46.000000,544.000000
264.000000,76.000000,563.000000
264.000000,76.000000,563.000000
264.000000,76.000000,563.000000
264.000000,76.000000,563.000000
264.000000,76.000000,563.000000
270.000000,58.000000,538.000000
270.000000,58.000000,538.000000
270.000000,58.000000,538.000000
270.000000,58.000000,538.000000
270.000000,58.000000,538.000000
270.000000,64.000000,557.000000
270.000000,64.000000,557.000000
270.000000,64.000000,557.000000
270.000000,64.000000,557.000000
270.000000,64.000000,557.000000
270.000000,58.000000,532.000000
270.000000,58.000000,532.000000
270.000000,58.000000,532.000000
270.000000,58.000000,532.000000
270.000000,58.000000,532.000000
264.000000,52.000000,544.000000
264.000000,52.000000,544.000000
264.000000,52.000000,544.000000
264.000000,52.000000,544.000000
264.000000,52.000000,544.000000
270.000000,58.000000,538.000000
270.000000,58.000000,538.000000
270.000000,58.000000,538.000000
270.000000,58.000000,538.000000
270.000000,58.000000,538.000000
287.000000,52.000000,538.000000
287.000000,52.000000,538.000000
287.000000,52.000000,538.000000
287.000000,52.000000,538.000000
287.000000,52.000000,538.000000
276.000000,46.000000,550.000000
276.000000,46.000000,550.000000
276.000000,46.000000,550.000000
276.000000,46.000000,550.000000
276.000000,46.000000,550.000000
276.000000,70.000000,538.000000
270.000000,70.000000,538.000000
270.000000,70.000000,538.000000
270.000000,70.000000,538.000000
270.000000,70.000000,538.000000
270.000000,76.000000,544.000000
270.000000,76.000000,544.000000
270.000000,76.000000,544.000000
270.000000,76.000000,544.000000
270.000000,76.000000,544.000000
270.000000,76.000000,544.000000
276.000000,58.000000,544.000000
276.000000,58.000000,544.000000
276.000000,58.000000,544.000000
276.000000,58.000000,544.000000
276.000000,58.000000,544.000000
276.000000,52.000000,557.000000
276.000000,52.000000,557.000000
276.000000,52.000000,557.000000
276.000000,52.000000,557.000000
276.000000,52.000000,557.000000
276.000000,52.000000,526.000000
276.000000,52.000000,526.000000
276.000000,52.000000,526.000000
276.000000,52.000000,526.000000
276.000000,52.000000,526.000000
276.000000,35.000000,538.000000
276.000000,35.000000,538.000000
276.000000,35.000000,538.000000
276.000000,35.000000,538.000000
276.000000,35.000000,538.000000
264.000000,52.000000,532.000000
264.000000,52.000000,532.000000
264.000000,52.000000,532.000000
264.000000,52.000000,532.000000
264.000000,52.000000,532.000000
270.000000,29.000000,544.000000
270.000000,29.000000,544.000000
270.000000,29.000000,544.000000
270.000000,29.000000,544.000000
270.000000,29.000000,544.000000
276.000000,46.000000,532.000000
276.000000,46.000000,532.000000
276.000000,46.000000,532.000000
276.000000,46.000000,532.000000
276.000000,46.000000,532.000000
282.000000,29.000000,538.000000
282.000000,29.000000,538.000000
282.000000,29.000000,538.000000
282.000000,29.000000,538.000000
282.000000,29.000000,538.000000
276.000000,23.000000,563.000000
276.000000,23.000000,563.000000
276.000000,23.000000,563.000000
276.000000,23.000000,563.000000
276.000000,23.000000,563.000000
287.000000,-12.000000,544.000000
287.000000,-12.000000,544.000000
287.000000,-12.000000,544.000000
287.000000,-12.000000,544.000000
287.000000,-12.000000,544.000000
264.000000,-36.000000,550.000000
264.000000,-36.000000,550.000000
264.000000,-36.000000,550.000000
264.000000,-36.000000,550.000000
264.000000,-36.000000,550.000000
264.000000,-88.000000,563.000000
264.000000,-88.000000,563.000000
264.000000,-88.000000,563.000000
264.000000,-88.000000,563.000000
264.000000,-88.000000,563.000000
252.000000,-123.000000,557.000000
252.000000,-123.000000,557.000000
252.000000,-123.000000,557.000000
252.000000,-123.000000,557.000000
252.000000,-123.000000,557.000000
217.000000,-164.000000,563.000000
217.000000,-164.000000,563.000000
217.000000,-164.000000,563.000000
217.000000,-164.000000,563.000000
217.000000,-164.000000,563.000000
194.000000,-164.000000,569.000000
194.000000,-164.000000,569.000000
194.000000,-164.000000,569.000000
194.000000,-164.000000,569.000000
194.000000,-164.000000,569.000000
170.000000,-176.000000,569.000000
170.000000,-176.000000,569.000000
170.000000,-176.000000,569.000000
170.000000,-176.000000,569.000000
170.000000,-176.000000,569.000000
141.000000,-194.000000,581.000000
141.000000,-194.000000,581.000000
141.000000,-194.000000,581.000000
141.000000,-194.000000,581.000000
141.000000,-194.000000,581.000000
106.000000,-217.000000,575.000000
106.000000,-217.000000,575.000000
106.000000,-217.000000,575.000000
106.000000,-217.000000,575.000000
106.000000,-217.000000,575.000000
112.000000,-211.000000,569.000000
112.000000,-211.000000,569.000000
112.000000,-211.000000,569.000000
112.000000,-211.000000,569.000000
112.000000,-211.000000,569.000000
112.000000,-223.000000,575.000000
112.000000,-223.000000,575.000000
112.000000,-223.000000,575.000000
112.000000,-223.000000,575.000000
112.000000,-223.000000,575.000000
112.000000,-229.000000,563.000000
112.000000,-229.000000,563.000000
112.000000,-229.000000,563.000000
112.000000,-229.000000,563.000000
112.000000,-229.000000,563.000000
77.000000,-241.000000,556.000000
77.000000,-241.000000,556.000000
77.000000,-241.000000,556.000000
77.000000,-241.000000,556.000000
77.000000,-241.000000,556.000000
65.000000,-229.000000,563.000000
65.000000,-229.000000,563.000000
65.000000,-229.000000,563.000000
65.000000,-229.000000,563.000000
65.000000,-229.000000,563.000000
24.000000,-229.000000,557.000000
24.000000,-229.000000,557.000000
24.000000,-229.000000,557.000000
24.000000,-229.000000,557.000000
24.000000,-229.000000,557.000000
-17.000000,-217.000000,563.000000
-17.000000,-217.000000,563.000000
-17.000000,-217.000000,563.000000
-17.000000,-217.000000,563.000000
-17.000000,-217.000000,563.000000
-46.000000,-217.000000,581.000000
-46.000000,-217.000000,581.000000
-46.000000,-217.000000,581.000000
-46.000000,-217.000000,581.000000
-46.000000,-217.000000,581.000000
-58.000000,-205.000000,575.000000
-58.000000,-205.000000,575.000000
-58.000000,-205.000000,575.000000
-58.000000,-205.000000,575.000000
-58.000000,-205.000000,575.000000
-64.000000,-194.000000,581.000000
-64.000000,-194.000000,581.000000
-64.000000,-194.000000,581.000000
-64.000000,-194.000000,581.000000
-64.000000,-194.000000,581.000000
-64.000000,-194.000000,569.000000
-64.000000,-194.000000,569.000000
-64.000000,-194.000000,569.000000
-64.000000,-194.000000,569.000000
-64.000000,-194.000000,569.000000
-58.000000,-205.000000,569.000000
-58.000000,-205.000000,569.000000
-58.000000,-205.000000,569.000000
-58.000000,-205.000000,569.000000
-58.000000,-205.000000,569.000000
-40.000000,-235.000000,563.000000
-40.000000,-235.000000,563.000000
-40.000000,-235.000000,563.000000
-40.000000,-235.000000,563.000000
-40.000000,-235.000000,563.000000
-23.000000,-217.000000,551.000000
-23.000000,-217.000000,551.000000
-23.000000,-217.000000,551.000000
-23.000000,-217.000000,551.000000
-23.000000,-217.000000,551.000000
-40.000000,-217.000000,563.000000
-40.000000,-217.000000,563.000000
-40.000000,-217.000000,563.000000
-40.000000,-217.000000,563.000000
-40.000000,-217.000000,563.000000
-64.000000,-235.000000,557.000000
-64.000000,-235.000000,557.000000
-64.000000,-235.000000,557.000000
-64.000000,-235.000000,557.000000
-64.000000,-235.000000,557.000000
-64.000000,-229.000000,544.000000
-81.000000,-229.000000,544.000000
-81.000000,-229.000000,544.000000
-81.000000,-229.000000,544.000000
-81.000000,-229.000000,544.000000
-81.000000,-229.000000,513.000000
-93.000000,-229.000000,513.000000
-93.000000,-229.000000,513.000000
-93.000000,-229.000000,513.000000
-93.000000,-229.000000,513.000000
-93.000000,-229.000000,513.000000
-105.000000,-217.000000,513.000000
-105.000000,-217.000000,513.000000
-105.000000,-217.000000,513.000000
-105.000000,-217.000000,513.000000
-105.000000,-217.000000,513.000000
-140.000000,-229.000000,519.000000
-140.000000,-229.000000,519.000000
-140.000000,-229.000000,519.000000
-140.000000,-229.000000,519.000000
-140.000000,-229.000000,519.000000
-146.000000,-176.000000,519.000000
-146.000000,-176.000000,519.000000
-146.000000,-176.000000,519.000000
-146.000000,-176.000000,519.000000
-146.000000,-176.000000,519.000000
-169.000000,-135.000000,507.000000
-169.000000,-135.000000,507.000000
-169.000000,-135.000000,507.000000
-169.000000,-135.000000,507.000000
-169.000000,-135.000000,507.000000
-169.000000,-94.000000,520.000000
-169.000000,-94.000000,520.000000
-169.000000,-94.000000,520.000000
-169.000000,-94.000000,520.000000
-169.000000,-94.000000,520.000000
-187.000000,-65.000000,520.000000
-187.000000,-65.000000,520.000000
-187.000000,-65.000000,520.000000
-187.000000,-65.000000,520.000000
-187.000000,-65.000000,520.000000
-187.000000,-42.000000,532.000000
-187.000000,-42.000000,532.000000
-187.000000,-42.000000,532.000000
-187.000000,-42.000000,532.000000
-187.000000,-42.000000,532.000000
-199.000000,29.000000,526.000000
-199.000000,29.000000,526.000000
-199.000000,29.000000,526.000000
-199.000000,29.000000,526.000000
-199.000000,29.000000,526.000000
-187.000000,122.000000,550.000000
-187.000000,122.000000,550.000000
-187.000000,122.000000,550.000000
-187.000000,122.000000,550.000000
-187.000000,122.000000,550.000000
-158.000000,181.000000,551.000000
-158.000000,181.000000,551.000000
-158.000000,181.000000,551.000000
-158.000000,181.000000,551.000000
-158.000000,181.000000,551.000000
-128.000000,193.000000,551.000000
-128.000000,193.000000,551.000000
-128.000000,193.000000,551.000000
-128.000000,193.000000,551.000000
-128.000000,193.000000,551.000000
-105.000000,210.000000,550.000000
-105.000000,210.000000,550.000000
-105.000000,210.000000,550.000000
-105.000000,210.000000,550.000000
-105.000000,210.000000,550.000000
-64.000000,199.000000,563.000000
-64.000000,199.000000,563.000000
-64.000000,199.000000,563.000000
-64.000000,199.000000,563.000000
-64.000000,199.000000,563.000000
-17.000000,257.000000,563.000000
-17.000000,257.000000,563.000000
-17.000000,257.000000,563.000000
-17.000000,257.000000,563.000000
-17.000000,257.000000,563.000000
24.000000,251.000000,563.000000
24.000000,251.000000,563.000000
24.000000,251.000000,563.000000
24.000000,251.000000,563.000000
24.000000,251.000000,563.000000
71.000000,246.000000,557.000000
71.000000,246.000000,557.000000
71.000000,246.000000,557.000000
71.000000,246.000000,557.000000
71.000000,246.000000,557.000000
129.000000,234.000000,569.000000
129.000000,234.000000,569.000000
129.000000,234.000000,569.000000
129.000000,234.000000,569.000000
129.000000,234.000000,569.000000
159.000000,199.000000,569.000000
159.000000,199.000000,569.000000
159.000000,199.000000,569.000000
159.000000,199.000000,569.000000
159.000000,199.000000,569.000000
164.000000,204.000000,569.000000
164.000000,204.000000,569.000000
164.000000,204.000000,569.000000
164.000000,204.000000,569.000000
164.000000,204.000000,569.000000
176.000000,222.000000,569.000000
176.000000,222.000000,569.000000
176.000000,222.000000,569.000000
176.000000,222.000000,569.000000
176.000000,222.000000,569.000000
124.000000,234.000000,557.000000
124.000000,234.000000,557.000000
124.000000,234.000000,557.000000
124.000000,234.000000,557.000000
124.000000,234.000000,557.000000
18.000000,234.000000,538.000000
18.000000,234.000000,538.000000
18.000000,234.000000,538.000000
18.000000,234.000000,538.000000
18.000000,234.000000,538.000000
-17.000000,240.000000,544.000000
-17.000000,240.000000,544.000000
-17.000000,240.000000,544.000000
-17.000000,240.000000,544.000000
-17.000000,240.000000,544.000000
-58.000000,199.000000,520.000000
-58.000000,199.000000,520.000000
-58.000000,199.000000,520.000000
-58.000000,199.000000,520.000000
-58.000000,199.000000,520.000000
-64.000000,199.000000,538.000000
-64.000000,199.000000,538.000000
-64.000000,199.000000,538.000000
-64.000000,199.000000,538.000000
-64.000000,199.000000,538.000000
-58.000000,216.000000,526.000000
-58.000000,216.000000,526.000000
-58.000000,216.000000,526.000000
-58.000000,216.000000,526.000000
-58.000000,216.000000,526.000000
0.000000,187.000000,513.000000
0.000000,187.000000,513.000000
0.000000,187.000000,513.000000
0.000000,187.000000,513.000000
0.000000,187.000000,513.000000
65.000000,169.000000,513.000000
65.000000,169.000000,513.000000
65.000000,169.000000,513.000000
65.000000,169.000000,513.000000
65.000000,169.000000,513.000000
112.000000,164.000000,532.000000
112.000000,164.000000,532.000000
112.000000,164.000000,532.000000
112.000000,164.000000,532.000000
112.000000,164.000000,532.000000
159.000000,163.000000,550.000000
159.000000,163.000000,550.000000
159.000000,163.000000,550.000000
159.000000,163.000000,550.000000
159.000000,163.000000,550.000000
159.000000,193.000000,607.000000
229.000000,193.000000,607.000000
229.000000,193.000000,607.000000
229.000000,193.000000,607.000000
229.000000,193.000000,607.000000
229.000000,193.000000,613.000000
270.000000,175.000000,613.000000
270.000000,175.000000,613.000000
270.000000,175.000000,613.000000
270.000000,175.000000,613.000000
270.000000,175.000000,650.000000
317.000000,175.000000,650.000000
317.000000,175.000000,650.000000
317.000000,175.000000,650.000000
317.000000,175.000000,650.000000
317.000000,175.000000,650.000000
340.000000,169.000000,668.000000
340.000000,169.000000,668.000000
340.000000,169.000000,668.000000
340.000000,169.000000,668.000000
340.000000,169.000000,668.000000
346.000000,146.000000,675.000000
346.000000,146.000000,675.000000
346.000000,146.000000,675.000000
346.000000,146.000000,675.000000
346.000000,146.000000,675.000000
358.000000,152.000000,718.000000
358.000000,152.000000,718.000000
358.000000,152.000000,718.000000
358.000000,152.000000,718.000000
358.000000,152.000000,718.000000
358.000000,146.000000,687.000000
358.000000,146.000000,687.000000
358.000000,146.000000,687.000000
358.000000,146.000000,687.000000
358.000000,146.000000,687.000000
340.000000,87.000000,656.000000
340.000000,87.000000,656.000000
340.000000,87.000000,656.000000
340.000000,87.000000,656.000000
340.000000,87.000000,656.000000
334.000000,29.000000,650.000000
334.000000,29.000000,650.000000
334.000000,29.000000,650.000000
334.000000,29.000000,650.000000
334.000000,29.000000,650.000000
340.000000,11.000000,650.000000
340.000000,11.000000,650.000000
340.000000,11.000000,650.000000
340.000000,11.000000,650.000000
340.000000,11.000000,650.000000
323.000000,-18.000000,662.000000
0.000000,0.000000,0.000000
0.000000,0.000000,0.000000
0.000000,0.000000,0.000000
323.000000,-18.000000,662.000000
352.000000,-30.000000,675.000000
352.000000,-30.000000,675.000000
352.000000,-30.000000,675.000000
352.000000,-30.000000,675.000000
352.000000,-30.000000,675.000000
340.000000,-77.000000,675.000000
340.000000,-77.000000,675.000000
340.000000,-77.000000,675.000000
340.000000,-77.000000,675.000000
340.000000,-77.000000,675.000000
346.000000,-94.000000,706.000000
346.000000,-94.000000,706.000000
346.000000,-94.000000,706.000000
346.000000,-94.000000,706.000000
346.000000,-94.000000,706.000000
352.000000,-124.000000,724.000000
352.000000,-124.000000,724.000000
352.000000,-124.000000,724.000000
352.000000,-124.000000,724.000000
352.000000,-124.000000,724.000000
370.000000,-118.000000,755.000000
370.000000,-118.000000,755.000000
370.000000,-118.000000,755.000000
370.000000,-118.000000,755.000000
370.000000,-118.000000,755.000000
364.000000,-153.000000,805.000000
364.000000,-153.000000,805.000000
364.000000,-153.000000,805.000000
364.000000,-153.000000,805.000000
364.000000,-153.000000,805.000000
364.000000,-147.000000,792.000000
364.000000,-147.000000,792.000000
364.000000,-147.000000,792.000000
364.000000,-147.000000,792.000000
364.000000,-147.000000,792.000000
346.000000,-159.000000,798.000000
346.000000,-159.000000,798.000000
346.000000,-159.000000,798.000000
346.000000,-159.000000,798.000000
346.000000,-159.000000,798.000000
358.000000,-182.000000,836.000000
358.000000,-182.000000,836.000000
358.000000,-182.000000,836.000000
358.000000,-182.000000,836.000000
358.000000,-182.000000,836.000000
340.000000,-194.000000,873.000000
340.000000,-194.000000,873.000000
340.000000,-194.000000,873.000000
340.000000,-194.000000,873.000000
340.000000,-194.000000,873.000000
358.000000,-182.000000,941.000000
358.000000,-182.000000,941.000000
358.000000,-182.000000,941.000000
358.000000,-182.000000,941.000000
358.000000,-182.000000,941.000000
352.000000,-170.000000,1028.000000
352.000000,-170.000000,1028.000000
352.000000,-170.000000,1028.000000
352.000000,-170.000000,1028.000000
352.000000,-170.000000,1028.000000
340.000000,-200.000000,1078.000000
340.000000,-200.000000,1078.000000
340.000000,-200.000000,1078.000000
340.000000,-200.000000,1078.000000
340.000000,-200.000000,1078.000000
340.000000,-159.000000,1090.000000
340.000000,-159.000000,1090.000000
340.000000,-159.000000,1090.000000
340.000000,-159.000000,1090.000000
340.000000,-159.000000,1090.000000
346.000000,-135.000000,1115.000000
346.000000,-135.000000,1115.000000
346.000000,-135.000000,1115.000000
346.000000,-135.000000,1115.000000
346.000000,-135.000000,1115.000000
340.000000,-112.000000,1127.000000
340.000000,-112.000000,1127.000000
340.000000,-112.000000,1127.000000
340.000000,-112.000000,1127.000000
340.000000,-112.000000,1127.000000
334.000000,-88.000000,1146.000000
334.000000,-88.000000,1146.000000
334.000000,-88.000000,1146.000000
334.000000,-88.000000,1146.000000
334.000000,-88.000000,1146.000000
352.000000,-36.000000,1176.000000
352.000000,-36.000000,1176.000000
352.000000,-36.000000,1176.000000
352.000000,-36.000000,1176.000000
352.000000,-36.000000,1176.000000
364.000000,41.000000,1170.000000
364.000000,41.000000,1170.000000
364.000000,41.000000,1170.000000
364.000000,41.000000,1170.000000
364.000000,41.000000,1170.000000
375.000000,70.000000,1151.000000
375.000000,70.000000,1151.000000
375.000000,70.000000,1151.000000
375.000000,70.000000,1151.000000
375.000000,70.000000,1151.000000
393.000000,146.000000,1084.000000
393.000000,146.000000,1084.000000
393.000000,146.000000,1084.000000
393.000000,146.000000,1084.000000
393.000000,146.000000,1084.000000
393.000000,164.000000,1084.000000
381.000000,164.000000,1084.000000
381.000000,164.000000,1084.000000
381.000000,164.000000,1084.000000
381.000000,164.000000,1084.000000
381.000000,164.000000,1046.000000
375.000000,210.000000,1046.000000
375.000000,210.000000,1046.000000
375.000000,210.000000,1046.000000
375.000000,210.000000,1046.000000
375.000000,210.000000,1022.000000
381.000000,216.000000,1022.000000
381.000000,216.000000,1022.000000
381.000000,216.000000,1022.000000
381.000000,216.000000,1022.000000
381.000000,216.000000,1022.000000
375.000000,251.000000,947.000000
375.000000,251.000000,947.000000
375.000000,251.000000,947.000000
375.000000,251.000000,947.000000
375.000000,251.000000,947.000000
381.000000,234.000000,910.000000
381.000000,234.000000,910.000000
381.000000,234.000000,910.000000
381.000000,234.000000,910.000000
381.000000,234.000000,910.000000
358.000000,246.000000,885.000000
358.000000,246.000000,885.000000
358.000000,246.000000,885.000000
358.000000,246.000000,885.000000
358.000000,246.000000,885.000000
375.000000,251.000000,823.000000
375.000000,251.000000,823.000000
375.000000,251.000000,823.000000
375.000000,251.000000,823.000000
375.000000,251.000000,823.000000
375.000000,240.000000,805.000000
375.000000,240.000000,805.000000
375.000000,240.000000,805.000000
375.000000,240.000000,805.000000
375.000000,240.000000,805.000000
352.000000,210.000000,743.000000
352.000000,210.000000,743.000000
352.000000,210.000000,743.000000
352.000000,210.000000,743.000000
352.000000,210.000000,743.000000
370.000000,169.000000,693.000000
370.000000,169.000000,693.000000
370.000000,169.000000,693.000000
370.000000,169.000000,693.000000
370.000000,169.000000,693.000000
352.000000,134.000000,681.000000
352.000000,134.000000,681.000000
352.000000,134.000000,681.000000
352.000000,134.000000,681.000000
352.000000,134.000000,681.000000
352.000000,29.000000,687.000000
352.000000,29.000000,687.000000
352.000000,29.000000,687.000000
352.000000,29.000000,687.000000
352.000000,29.000000,687.000000
340.000000,-24.000000,687.000000
340.000000,-24.000000,687.000000
340.000000,-24.000000,687.000000
340.000000,-24.000000,687.000000
340.000000,-24.000000,687.000000
340.000000,-88.000000,699.000000
340.000000,-88.000000,699.000000
340.000000,-88.000000,699.000000
340.000000,-88.000000,699.000000
340.000000,-88.000000,699.000000
340.000000,-118.000000,749.000000
340.000000,-118.000000,749.000000
340.000000,-118.000000,749.000000
340.000000,-118.000000,749.000000
340.000000,-118.000000,749.000000
334.000000,-118.000000,774.000000
334.000000,-118.000000,774.000000
334.000000,-118.000000,774.000000
334.000000,-118.000000,774.000000
334.000000,-118.000000,774.000000
346.000000,-129.000000,780.000000
346.000000,-129.000000,780.000000
346.000000,-129.000000,780.000000
346.000000,-129.000000,780.000000
346.000000,-129.000000,780.000000
352.000000,-129.000000,798.000000
352.000000,-129.000000,798.000000
352.000000,-129.000000,798.000000
352.000000,-129.000000,798.000000
352.000000,-129.000000,798.000000
334.000000,-159.000000,805.000000
334.000000,-159.000000,805.000000
334.000000,-159.000000,805.000000
334.000000,-159.000000,805.000000
334.000000,-159.000000,805.000000
364.000000,-153.000000,780.000000
364.000000,-153.000000,780.000000
364.000000,-153.000000,780.000000
364.000000,-153.000000,780.000000
364.000000,-153.000000,780.000000
352.000000,-118.000000,774.000000
352.000000,-118.000000,774.000000
352.000000,-118.000000,774.000000
352.000000,-118.000000,774.000000
352.000000,-118.000000,774.000000
375.000000,-100.000000,768.000000
375.000000,-100.000000,768.000000
375.000000,-100.000000,768.000000
375.000000,-100.000000,768.000000
375.000000,-100.000000,768.000000
329.000000,-71.000000,706.000000
329.000000,-71.000000,706.000000
329.000000,-71.000000,706.000000
329.000000,-71.000000,706.000000
329.000000,-71.000000,706.000000
270.000000,-59.000000,619.000000
270.000000,-59.000000,619.000000
270.000000,-59.000000,619.000000
270.000000,-59.000000,619.000000
270.000000,-59.000000,619.000000
206.000000,-30.000000,582.000000
206.000000,-30.000000,582.000000
206.000000,-30.000000,582.000000
206.000000,-30.000000,582.000000
206.000000,-30.000000,582.000000
141.000000,11.000000,532.000000
141.000000,11.000000,532.000000
141.000000,11.000000,532.000000
141.000000,11.000000,532.000000
141.000000,11.000000,532.000000
53.000000,23.000000,513.000000
53.000000,23.000000,513.000000
53.000000,23.000000,513.000000
53.000000,23.000000,513.000000
53.000000,23.000000,513.000000
-29.000000,58.000000,520.000000
-29.000000,58.000000,520.000000
-29.000000,58.000000,520.000000
-29.000000,58.000000,520.000000
-29.000000,58.000000,520.000000
-99.000000,87.000000,551.000000
-99.000000,87.000000,551.000000
-99.000000,87.000000,551.000000
-99.000000,87.000000,551.000000
-99.000000,87.000000,551.000000
-152.000000,128.000000,594.000000
-152.000000,128.000000,594.000000
-152.000000,128.000000,594.000000
-152.000000,128.000000,594.000000
-152.000000,128.000000,594.000000
-222.000000,140.000000,631.000000
-222.000000,140.000000,631.000000
-222.000000,140.000000,631.000000
-222.000000,140.000000,631.000000
-222.000000,140.000000,631.000000
-281.000000,146.000000,724.000000
-281.000000,146.000000,724.000000
-281.000000,146.000000,724.000000
-281.000000,146.000000,724.000000
-281.000000,146.000000,724.000000
-304.000000,128.000000,823.000000
-304.000000,128.000000,823.000000
-304.000000,128.000000,823.000000
-304.000000,128.000000,823.000000
-304.000000,128.000000,823.000000
-310.000000,117.000000,929.000000
-310.000000,117.000000,929.000000
-310.000000,117.000000,929.000000
-310.000000,117.000000,929.000000
-310.000000,117.000000,929.000000
-281.000000,117.000000,1028.000000
-281.000000,117.000000,1028.000000
-281.000000,117.000000,1028.000000
-281.000000,117.000000,1028.000000
-281.000000,117.000000,1028.000000
-193.000000,87.000000,1114.000000
-193.000000,87.000000,1114.000000
-193.000000,87.000000,1114.000000
-193.000000,87.000000,1114.000000
-193.000000,87.000000,1114.000000
-193.000000,41.000000,1133.000000
-87.000000,41.000000,1133.000000
-87.000000,41.000000,1133.000000
-87.000000,41.000000,1133.000000
-87.000000,41.000000,1133.000000
-87.000000,41.000000,1170.000000
-17.000000,40.000000,1170.000000
-17.000000,40.000000,1170.000000
-17.000000,40.000000,1170.000000
-17.000000,40.000000,1170.000000
-17.000000,87.000000,1151.000000
30.000000,87.000000,1151.000000
30.000000,87.000000,1151.000000
30.000000,87.000000,1151.000000
30.000000,87.000000,1151.000000
30.000000,87.000000,1102.000000
53.000000,134.000000,1102.000000
53.000000,134.000000,1102.000000
53.000000,134.000000,1102.000000
53.000000,134.000000,1102.000000
53.000000,134.000000,1102.000000
65.000000,158.000000,1089.000000
65.000000,158.000000,1089.000000
65.000000,158.000000,1089.000000
65.000000,158.000000,1089.000000
65.000000,158.000000,1089.000000
47.000000,181.000000,1083.000000
47.000000,181.000000,1083.000000
47.000000,181.000000,1083.000000
47.000000,181.000000,1083.000000
47.000000,181.000000,1083.000000
59.000000,210.000000,1083.000000
59.000000,210.000000,1083.000000
59.000000,210.000000,1083.000000
59.000000,210.000000,1083.000000
59.000000,210.000000,1083.000000
71.000000,187.000000,1040.000000
71.000000,187.000000,1040.000000
71.000000,187.000000,1040.000000
71.000000,187.000000,1040.000000
71.000000,187.000000,1040.000000
59.000000,199.000000,1053.000000
59.000000,199.000000,1053.000000
59.000000,199.000000,1053.000000
59.000000,199.000000,1053.000000
59.000000,199.000000,1053.000000
77.000000,169.000000,1089.000000
77.000000,169.000000,1089.000000
77.000000,169.000000,1089.000000
77.000000,169.000000,1089.000000
77.000000,169.000000,1089.000000
71.000000,181.000000,1077.000000
71.000000,181.000000,1077.000000
71.000000,181.000000,1077.000000
71.000000,181.000000,1077.000000
71.000000,181.000000,1077.000000
71.000000,205.000000,1089.000000
71.000000,205.000000,1089.000000
71.000000,205.000000,1089.000000
71.000000,205.000000,1089.000000
71.000000,205.000000,1089.000000
106.000000,205.000000,1096.000000
106.000000,205.000000,1096.000000
106.000000,205.000000,1096.000000
106.000000,205.000000,1096.000000
106.000000,205.000000,1096.000000
77.000000,205.000000,1108.000000
77.000000,205.000000,1108.000000
77.000000,205.000000,1108.000000
77.000000,205.000000,1108.000000
77.000000,205.000000,1108.000000
88.000000,187.000000,1133.000000
88.000000,187.000000,1133.000000
88.000000,187.000000,1133.000000
88.000000,187.000000,1133.000000
88.000000,187.000000,1133.000000
65.000000,193.000000,1151.000000
65.000000,193.000000,1151.000000
65.000000,193.000000,1151.000000
65.000000,193.000000,1151.000000
65.000000,193.000000,1151.000000
59.000000,164.000000,1151.000000
59.000000,164.000000,1151.000000
59.000000,164.000000,1151.000000
59.000000,164.000000,1151.000000
59.000000,164.000000,1151.000000
53.000000,146.000000,1176.000000
53.000000,146.000000,1176.000000
53.000000,146.000000,1176.000000
53.000000,146.000000,1176.000000
53.000000,146.000000,1176.000000
94.000000,134.000000,1183.000000
94.000000,134.000000,1183.000000
94.000000,134.000000,1183.000000
94.000000,134.000000,1183.000000
94.000000,134.000000,1183.000000
112.000000,134.000000,1170.000000
112.000000,134.000000,1170.000000
112.000000,134.000000,1170.000000
112.000000,134.000000,1170.000000
112.000000,134.000000,1170.000000
159.000000,128.000000,1170.000000
159.000000,128.000000,1170.000000
159.000000,128.000000,1170.000000
159.000000,128.000000,1170.000000
159.000000,128.000000,1170.000000
165.000000,87.000000,1195.000000
165.000000,87.000000,1195.000000
165.000000,87.000000,1195.000000
165.000000,87.000000,1195.000000
165.000000,87.000000,1195.000000
206.000000,35.000000,1183.000000
206.000000,35.000000,1183.000000
206.000000,35.000000,1183.000000
206.000000,35.000000,1183.000000
206.000000,35.000000,1183.000000
241.000000,17.000000,1152.000000
241.000000,17.000000,1152.000000
241.000000,17.000000,1152.000000
241.000000,17.000000,1152.000000
241.000000,17.000000,1152.000000
282.000000,-42.000000,1121.000000
282.000000,-42.000000,1121.000000
282.000000,-42.000000,1121.000000
282.000000,-42.000000,1121.000000
282.000000,-42.000000,1121.000000
258.000000,-83.000000,1133.000000
258.000000,-83.000000,1133.000000
258.000000,-83.000000,1133.000000
258.000000,-83.000000,1133.000000
258.000000,-83.000000,1133.000000
276.000000,-141.000000,1121.000000
276.000000,-141.000000,1121.000000
276.000000,-141.000000,1121.000000
276.000000,-141.000000,1121.000000
276.000000,-141.000000,1121.000000
270.000000,-206.000000,1108.000000
270.000000,-206.000000,1108.000000
270.000000,-206.000000,1108.000000
270.000000,-206.000000,1108.000000
270.000000,-206.000000,1108.000000
270.000000,-264.000000,1102.000000
270.000000,-264.000000,1102.000000
270.000000,-264.000000,1102.000000
270.000000,-264.000000,1102.000000
270.000000,-264.000000,1102.000000
206.000000,-311.000000,1114.000000
206.000000,-311.000000,1114.000000
206.000000,-311.000000,1114.000000
206.000000,-311.000000,1114.000000
206.000000,-311.000000,1114.000000
106.000000,-352.000000,1108.000000
106.000000,-352.000000,1108.000000
106.000000,-352.000000,1108.000000
106.000000,-352.000000,1108.000000
106.000000,-352.000000,1108.000000
53.000000,-358.000000,1121.000000
53.000000,-358.000000,1121.000000
53.000000,-358.000000,1121.000000
53.000000,-358.000000,1121.000000
53.000000,-358.000000,1121.000000
-23.000000,-334.000000,1139.000000
-23.000000,-334.000000,1139.000000
-23.000000,-334.000000,1139.000000
-23.000000,-334.000000,1139.000000
-23.000000,-334.000000,1139.000000
-87.000000,-258.000000,1164.000000
-87.000000,-258.000000,1164.000000
-87.000000,-258.000000,1164.000000
-87.000000,-258.000000,1164.000000
-87.000000,-258.000000,1164.000000
-158.000000,-159.000000,1245.000000
-158.000000,-159.000000,1245.000000
-158.000000,-159.000000,1245.000000
-158.000000,-159.000000,1245.000000
-158.000000,-159.000000,1245.000000
-169.000000,-94.000000,1239.000000
-169.000000,-94.000000,1239.000000
-169.000000,-94.000000,1239.000000
-169.000000,-94.000000,1239.000000
-169.000000,-94.000000,1239.000000
-169.000000,-59.000000,1226.000000
-216.000000,-59.000000,1226.000000
-216.000000,-59.000000,1226.000000
-216.000000,-59.000000,1226.000000
-216.000000,-59.000000,1226.000000
-216.000000,-59.000000,1220.000000
-228.000000,35.000000,1220.000000
-228.000000,35.000000,1220.000000
-228.000000,35.000000,1220.000000
-228.000000,35.000000,1220.000000
-228.000000,35.000000,1146.000000
-251.000000,152.000000,1146.000000
-251.000000,152.000000,1146.000000
-251.000000,152.000000,1146.000000
-251.000000,152.000000,1146.000000
-251.000000,152.000000,1146.000000
-246.000000,269.000000,1053.000000
-246.000000,269.000000,1053.000000
-246.000000,269.000000,1053.000000
-246.000000,269.000000,1053.000000
-246.000000,269.000000,1053.000000
-193.000000,339.000000,935.000000
-193.000000,339.000000,935.000000
-193.000000,339.000000,935.000000
-193.000000,339.000000,935.000000
-193.000000,339.000000,935.000000
-134.000000,380.000000,830.000000
-134.000000,380.000000,830.000000
-134.000000,380.000000,830.000000
-134.000000,380.000000,830.000000
-134.000000,380.000000,830.000000
-58.000000,386.000000,694.000000
-58.000000,386.000000,694.000000
-58.000000,386.000000,694.000000
-58.000000,386.000000,694.000000
-58.000000,386.000000,694.000000
-17.000000,292.000000,619.000000
-17.000000,292.000000,619.000000
-17.000000,292.000000,619.000000
-17.000000,292.000000,619.000000
-17.000000,292.000000,619.000000
-11.000000,228.000000,576.000000
-11.000000,228.000000,576.000000
-11.000000,228.000000,576.000000
-11.000000,228.000000,576.000000
-11.000000,228.000000,576.000000
59.000000,205.000000,563.000000
59.000000,205.000000,563.000000
59.000000,205.000000,563.000000
59.000000,205.000000,563.000000
59.000000,205.000000,563.000000
77.000000,146.000000,563.000000
77.000000,146.000000,563.000000
77.000000,146.000000,563.000000
77.000000,146.000000,563.000000
77.000000,146.000000,563.000000
141.000000,175.000000,582.000000
141.000000,175.000000,582.000000
141.000000,175.000000,582.000000
141.000000,175.000000,582.000000
141.000000,175.000000,582.000000
188.000000,199.000000,576.000000
188.000000,199.000000,576.000000
188.000000,199.000000,576.000000
188.000000,199.000000,576.000000
188.000000,199.000000,576.000000
206.000000,193.000000,576.000000
206.000000,193.000000,576.000000
206.000000,193.000000,576.000000
206.000000,193.000000,576.000000
206.000000,193.000000,576.000000
241.000000,158.000000,557.000000
241.000000,158.000000,557.000000
241.000000,158.000000,557.000000
241.000000,158.000000,557.000000
241.000000,158.000000,557.000000
235.000000,181.000000,570.000000
235.000000,181.000000,570.000000
235.000000,181.000000,570.000000
235.000000,181.000000,570.000000
235.000000,181.000000,570.000000
258.000000,234.000000,613.000000
258.000000,234.000000,613.000000
258.000000,234.000000,613.000000
258.000000,234.000000,613.000000
258.000000,234.000000,613.000000
223.000000,275.000000,619.000000
223.000000,275.000000,619.000000
223.000000,275.000000,619.000000
223.000000,275.000000,619.000000
223.000000,275.000000,619.000000
223.000000,251.000000,613.000000
223.000000,251.000000,613.000000
223.000000,251.000000,613.000000
223.000000,251.000000,613.000000
223.000000,251.000000,613.000000
235.000000,228.000000,582.000000
235.000000,228.000000,582.000000
235.000000,228.000000,582.000000
235.000000,228.000000,582.000000
235.000000,228.000000,582.000000
229.000000,210.000000,563.000000
229.000000,210.000000,563.000000
229.000000,210.000000,563.000000
229.000000,210.000000,563.000000
229.000000,210.000000,563.000000
223.000000,158.000000,539.000000
223.000000,158.000000,539.000000
223.000000,158.000000,539.000000
223.000000,158.000000,539.000000
223.000000,158.000000,539.000000
229.000000,146.000000,551.000000
229.000000,146.000000,551.000000
229.000000,146.000000,551.000000
229.000000,146.000000,551.000000
229.000000,146.000000,551.000000
217.000000,158.000000,539.000000
217.000000,158.000000,539.000000
217.000000,158.000000,539.000000
217.000000,158.000000,539.000000
217.000000,158.000000,539.000000
223.000000,158.000000,533.000000
223.000000,158.000000,533.000000
223.000000,158.000000,533.000000
223.000000,158.000000,533.000000
223.000000,158.000000,533.000000
235.000000,134.000000,545.000000
235.000000,134.000000,545.000000
235.000000,134.000000,545.000000
235.000000,134.000000,545.000000
235.000000,134.000000,545.000000
223.000000,146.000000,545.000000
223.000000,146.000000,545.000000
223.000000,146.000000,545.000000
223.000000,146.000000,545.000000
223.000000,146.000000,545.000000
217.000000,140.000000,551.000000
217.000000,140.000000,551.000000
217.000000,140.000000,551.000000
217.000000,140.000000,551.000000
217.000000,140.000000,551.000000
217.000000,123.000000,539.000000
217.000000,123.000000,539.000000
217.000000,123.000000,539.000000
217.000000,123.000000,539.000000
217.000000,123.000000,539.000000
217.000000,146.000000,533.000000
217.000000,146.000000,533.000000
217.000000,146.000000,533.000000
217.000000,146.000000,533.000000
217.000000,146.000000,533.000000
206.000000,128.000000,545.000000
206.000000,128.000000,545.000000
206.000000,128.000000,545.000000
206.000000,128.000000,545.000000
206.000000,128.000000,545.000000
206.000000,134.000000,545.000000
217.000000,134.000000,545.000000
217.000000,134.000000,545.000000
217.000000,134.000000,545.000000
217.000000,134.000000,545.000000
217.000000,134.000000,539.000000
211.000000,146.000000,539.000000
211.000000,146.000000,539.000000
211.000000,146.000000,539.000000
211.000000,146.000000,539.000000
211.000000,146.000000,539.000000
211.000000,140.000000,545.000000
211.000000,140.000000,545.000000
211.000000,140.000000,545.000000
211.000000,140.000000,545.000000
211.000000,140.000000,545.000000
217.000000,152.000000,545.000000
217.000000,152.000000,545.000000
217.000000,152.000000,545.000000
217.000000,152.000000,545.000000
217.000000,152.000000,545.000000
217.000000,152.000000,532.000000
217.000000,152.000000,532.000000
217.000000,152.000000,532.000000
217.000000,152.000000,532.000000
217.000000,152.000000,532.000000
241.000000,158.000000,539.000000
241.000000,158.000000,539.000000
241.000000,158.000000,539.000000
241.000000,158.000000,539.000000
241.000000,158.000000,539.000000
229.000000,152.000000,557.000000
229.000000,152.000000,557.000000
229.000000,152.000000,557.000000
229.000000,152.000000,557.000000
229.000000,152.000000,557.000000
