0,0,0
0,0,0
0,0,0
0,0,0
0,0,0
0,0,0
0,0,0
0,0,0
0,0,0
0,0,0
0,0,0
0,0,0
0,0,0
0,0,0
0,0,0
0,0,0
0,0,0
0,0,0
0,0,0
0,0,0
0,0,0
0,0,0
0,0,0
0,0,0
0,0,0
0,0,0
0,0,0
0,0,0
0,0,0
0,0,0
0,0,0
0,0,0
0,0,0
0,0,0
0,0,0
0,0,0
0,0,0
0,0,0
0,0,0
0,0,0
0,0,0
0,0,0
0,0,0
0,0,0
0,0,0
0,0,0
0,0,0
0,0,0
0,0,0
0,0,0
0,0,0
0,0,0
0,0,0
0,0,0
0,0,0
0,0,0
0,0,0
0,0,0
0,0,0
0,0,0
0,0,0
0,0,0
0,0,0
0,0,0
0,0,0
0,0,0
0,0,0
0,0,0
0,0,0
0,0,0
0,0,0
0,0,0
0,0,0
0,0,0
0,0,0
0,0,0
0,0,0
0,0,0
0,0,0
0,0,0
0,0,0
0,0,0
0,0,0
0,0,0
0,0,0
0,0,0
0,0,0
0,0,0
0,0,0
0,0,0
0,0,0
0,0,0
0,0,0
0,0,0
0,0,0
0,0,0
0,0,0
0,0,0
0,0,0
0,0,0
0,0,0
0,0,0
0,0,7
0,0,31
0,0,69
0,0,122
0,0,188
0,0,267
0,0,359
0,0,462
0,0,576
0,0,701
0,0,835
0,0,978
0,0,1130
0,0,1289
0,0,1455
0,0,1628
0,0,1807
0,0,1991
0,0,2180
0,0,2372
0,0,2568
0,0,2766
0,0,2966
0,0,3168
0,0,3370
0,0,3572
0,0,3773
0,0,3974
0,0,4172
0,0,4367
0,0,4560
0,0,4748
0,0,4932
0,0,5111
0,0,5284
0,0,5451
0,0,5610
0,0,5762
0,0,5905
0,0,6039
0,0,6164
0,0,6278
0,0,6381
0,0,6472
0,0,6551
0,0,6618
0,0,6670
0,0,6709
0,0,6732
0,0,6740
0,0,6740
0,0,6740
0,0,6740
0,0,6740
0,0,6740
0,0,6740
0,0,6740
0,0,6740
0,0,6740
0,0,6740
0,0,6740
0,0,6740
0,0,6740
0,0,6740
0,0,6740
0,0,6740
0,0,6740
0,0,6740
0,0,6740
0,0,6740
0,0,6740
0,0,6740
0,0,6740
0,0,6740
0,0,6740
0,0,6740
0,0,6740
0,0,6740
0,0,6740
0,0,6740
0,0,6740
0,0,6740
0,0,6740
0,0,6740
0,0,6740
0,0,6740
0,0,6740
0,0,6740
0,0,6740
0,0,6740
0,0,6740
0,0,6740
0,0,6740
0,0,6740
0,0,6740
0,0,6740
0,0,6740
0,0,6740
0,0,6740
0,0,6740
0,0,6740
0,0,6740
0,0,6740
0,0,6740
0,0,6740
0,0,6740
0,0,6740
0,0,6740
0,0,6740
0,0,6740
0,0,6740
0,0,6740
0,0,6740
0,0,6740
0,0,6740
0,0,6740
0,0,6740
0,0,6740
0,0,6740
0,0,6740
0,0,6740
0,0,6740
0,0,6740
0,0,6740
0,0,6740
0,0,6740
0,0,6740
0,0,6740
0,0,6740
0,0,6740
0,0,6740
0,0,6740
0,0,6740
0,0,6740
0,0,6740
0,0,6740
0,0,6740
0,0,6740
0,0,6740
0,0,6740
0,0,6740
0,0,6740
0,0,6740
0,0,6740
0,0,6740
0,0,6740
0,0,6740
0,0,6740
0,0,6740
0,0,6740
0,0,6740
0,0,6740
0,0,6740
0,0,6740
0,0,6740
0,0,6740
0,0,6740
0,0,6740
0,0,6740
0,0,6740
0,0,6740
0,0,6740
0,0,6740
0,0,6740
0,0,6740
0,0,6740
0,0,6740
0,0,6740
0,0,6740
0,0,6740
0,0,6740
0,0,6740
0,0,6740
0,0,6740
0,0,6740
0,0,6740
0,0,6740
0,0,6740
0,0,6740
0,0,6740
0,0,6740
0,0,6740
0,0,6740
0,0,6740
0,0,6740
0,0,6740
0,0,6740
0,0,6740
0,0,6740
0,0,6740
0,0,6740
0,0,6740
0,0,6740
0,0,6740
0,0,6740
0,0,6740
0,0,6740
0,0,6740
0,0,6740
0,0,6740
0,0,6740
0,0,6740
0,0,6740
0,0,6740
0,0,6740
0,0,6740
0,0,6740
0,0,6740
0,0,6740
0,0,6740
0,0,6740
0,0,6740
0,0,6740
0,0,6740
0,0,6740
0,0,6740
0,0,6740
0,0,6740
0,0,6740
0,0,6740
0,0,6740
0,0,6740
0,0,6740
0,0,6740
0,0,6740
0,0,6740
0,0,6740
0,0,6740
0,0,6740
0,0,6740
0,0,6740
0,0,6740
0,0,6740
0,0,6740
0,0,6740
0,0,6740
0,0,6740
0,0,6740
0,0,6740
0,0,6740
0,0,6740
0,0,6740
0,0,6740
0,0,6740
0,0,6740
0,0,6740
0,0,6740
0,0,6740
0,0,6740
0,0,6740
0,0,6740
0,0,6740
0,0,6740
0,0,6740
0,0,6740
0,0,6740
0,0,6740
0,0,6740
0,0,6740
0,0,6740
0,0,6740
0,0,6740
0,0,6740
0,0,6740
0,0,6740
0,0,6740
0,0,6740
0,0,6740
0,0,6740
0,0,6740
0,0,6740
0,0,6740
0,0,6740
0,0,6740
0,0,6740
0,0,6740
0,0,6740
0,0,6740
0,0,6740
0,0,6740
0,0,6740
0,0,6740
0,0,6740
0,0,6740
0,0,6740
0,0,6740
0,0,6740
0,0,6740
0,0,6740
0,0,6740
0,0,6740
0,0,6740
0,0,6740
0,0,6740
0,0,6740
0,0,6740
0,0,6740
0,0,6740
0,0,6740
0,0,6740
0,0,6740
0,0,6740
0,0,6740
0,0,6740
0,0,6740
0,0,6740
0,0,6740
0,0,6740
0,0,6740
0,0,6740
0,0,6740
0,0,6740
0,0,6740
0,0,6740
0,0,6740
0,0,6740
0,0,6740
0,0,6740
0,0,6740
0,0,6740
0,0,6740
0,0,6740
0,0,6740
0,0,6740
0,0,6740
0,0,6740
0,0,6740
0,0,6740
0,0,6740
0,0,6740
0,0,6740
0,0,6740
0,0,6740
0,0,6740
0,0,6740
0,0,6740
0,0,6740
0,0,6740
0,0,6740
0,0,6740
0,0,6740
0,0,6740
0,0,6740
0,0,6740
0,0,6740
0,0,6740
0,0,6740
0,0,6740
0,0,6740
0,0,6740
0,0,6732
0,0,6709
0,0,6670
0,0,6618
0,0,6551
0,0,6472
0,0,6381
0,0,6278
0,0,6164
0,0,6039
0,0,5905
0,0,5762
0,0,5610
0,0,5451
0,0,5284
0,0,5111
0,0,4932
0,0,4748
0,0,4560
0,0,4367
0,0,4172
0,0,3974
0,0,3773
0,0,3572
0,0,3370
0,0,3168
0,0,2966
0,0,2766
0,0,2568
0,0,2372
0,0,2180
0,0,1991
0,0,1807
0,0,1628
0,0,1455
0,0,1289
0,0,1130
0,0,978
0,0,835
0,0,701
0,0,576
0,0,462
0,0,359
0,0,267
0,0,188
0,0,122
0,0,69
0,0,31
0,0,7
0,0,0
0,0,0
0,0,0
0,0,0
0,0,0
0,0,0
0,0,0
0,0,0
0,0,0
0,0,0
0,0,0
0,0,0
0,0,0
0,0,0
0,0,0
0,0,0
0,0,0
0,0,0
0,0,0
0,0,0
0,0,0
0,0,0
0,0,0
0,0,0
0,0,0
0,0,0
0,0,0
0,0,0
0,0,0
0,0,0
0,0,0
0,0,0
0,0,0
0,0,0
0,0,0
0,0,0
0,0,0
0,0,0
0,0,0
0,0,0
0,0,0
0,0,0
0,0,0
0,0,0
0,0,0
0,0,0
0,0,0
0,0,0
0,0,0
0,0,0
0,0,0
0,0,0
0,0,0
0,0,0
0,0,0
0,0,0
0,0,0
0,0,0
0,0,0
0,0,0
0,0,0
0,0,0
0,0,0
0,0,0
0,0,0
0,0,0
0,0,0
0,0,0
0,0,0
0,0,0
0,0,0
0,0,0
0,0,0
0,0,0
0,0,0
0,0,0
0,0,0
0,0,0
0,0,0
0,0,0
0,0,0
0,0,0
0,0,0
0,0,0
0,0,0
0,0,0
0,0,0
0,0,0
0,0,0
0,0,0
0,0,0
0,0,0
0,0,0
0,0,0
0,0,0
0,0,0
0,0,0
0,0,0
0,0,0
0,0,0
0,0,0
0,0,0
0,0,-0
0,0,-8
0,0,-32
0,0,-70
0,0,-123
0,0,-189
0,0,-268
0,0,-360
0,0,-463
0,0,-577
0,0,-702
0,0,-836
0,0,-979
0,0,-1131
0,0,-1290
0,0,-1456
0,0,-1629
0,0,-1808
0,0,-1992
0,0,-2181
0,0,-2373
0,0,-2569
0,0,-2767
0,0,-2967
0,0,-3169
0,0,-3371
0,0,-3573
0,0,-3774
0,0,-3975
0,0,-4173
0,0,-4368
0,0,-4561
0,0,-4749
0,0,-4933
0,0,-5112
0,0,-5285
0,0,-5452
0,0,-5611
0,0,-5763
0,0,-5906
0,0,-6040
0,0,-6165
0,0,-6279
0,0,-6382
0,0,-6473
0,0,-6552
0,0,-6619
0,0,-6671
0,0,-6710
0,0,-6733
0,0,-6741
0,0,-6741
0,0,-6741
0,0,-6741
0,0,-6741
0,0,-6741
0,0,-6741
0,0,-6741
0,0,-6741
0,0,-6741
0,0,-6741
0,0,-6741
0,0,-6741
0,0,-6741
0,0,-6741
0,0,-6741
0,0,-6741
0,0,-6741
0,0,-6741
0,0,-6741
0,0,-6741
0,0,-6741
0,0,-6741
0,0,-6741
0,0,-6741
0,0,-6741
0,0,-6741
0,0,-6741
0,0,-6741
0,0,-6741
0,0,-6741
0,0,-6741
0,0,-6741
0,0,-6741
0,0,-6741
0,0,-6741
0,0,-6741
0,0,-6741
0,0,-6741
0,0,-6741
0,0,-6741
0,0,-6741
0,0,-6741
0,0,-6741
0,0,-6741
0,0,-6741
0,0,-6741
0,0,-6741
0,0,-6741
0,0,-6741
0,0,-6741
0,0,-6741
0,0,-6741
0,0,-6741
0,0,-6741
0,0,-6741
0,0,-6741
0,0,-6741
0,0,-6741
0,0,-6741
0,0,-6741
0,0,-6741
0,0,-6741
0,0,-6741
0,0,-6741
0,0,-6741
0,0,-6741
0,0,-6741
0,0,-6741
0,0,-6741
0,0,-6741
0,0,-6741
0,0,-6741
0,0,-6741
0,0,-6741
0,0,-6741
0,0,-6741
0,0,-6741
0,0,-6741
0,0,-6741
0,0,-6741
0,0,-6741
0,0,-6741
0,0,-6741
0,0,-6741
0,0,-6741
0,0,-6741
0,0,-6741
0,0,-6741
0,0,-6741
0,0,-6741
0,0,-6741
0,0,-6741
0,0,-6741
0,0,-6741
0,0,-6741
0,0,-6741
0,0,-6741
0,0,-6741
0,0,-6741
0,0,-6741
0,0,-6741
0,0,-6741
0,0,-6741
0,0,-6741
0,0,-6741
0,0,-6741
0,0,-6741
0,0,-6741
0,0,-6741
0,0,-6741
0,0,-6741
0,0,-6741
0,0,-6741
0,0,-6741
0,0,-6741
0,0,-6741
0,0,-6741
0,0,-6741
0,0,-6741
0,0,-6741
0,0,-6741
0,0,-6741
0,0,-6741
0,0,-6741
0,0,-6741
0,0,-6741
0,0,-6741
0,0,-6741
0,0,-6741
0,0,-6741
0,0,-6741
0,0,-6741
0,0,-6741
0,0,-6741
0,0,-6741
0,0,-6741
0,0,-6741
0,0,-6741
0,0,-6741
0,0,-6741
0,0,-6741
0,0,-6741
0,0,-6741
0,0,-6741
0,0,-6741
0,0,-6741
0,0,-6741
0,0,-6741
0,0,-6741
0,0,-6741
0,0,-6741
0,0,-6741
0,0,-6741
0,0,-6741
0,0,-6741
0,0,-6741
0,0,-6741
0,0,-6741
0,0,-6741
0,0,-6741
0,0,-6741
0,0,-6741
0,0,-6741
0,0,-6741
0,0,-6741
0,0,-6741
0,0,-6741
0,0,-6741
0,0,-6741
0,0,-6741
0,0,-6741
0,0,-6741
0,0,-6741
0,0,-6741
0,0,-6741
0,0,-6741
0,0,-6741
0,0,-6741
0,0,-6741
0,0,-6741
0,0,-6741
0,0,-6741
0,0,-6741
0,0,-6741
0,0,-6741
0,0,-6741
0,0,-6741
0,0,-6741
0,0,-6741
0,0,-6741
0,0,-6741
0,0,-6741
0,0,-6741
0,0,-6741
0,0,-6741
0,0,-6741
0,0,-6741
0,0,-6741
0,0,-6741
0,0,-6741
0,0,-6741
0,0,-6741
0,0,-6741
0,0,-6741
0,0,-6741
0,0,-6741
0,0,-6741
0,0,-6741
0,0,-6741
0,0,-6741
0,0,-6741
0,0,-6741
0,0,-6741
0,0,-6741
0,0,-6741
0,0,-6741
0,0,-6741
0,0,-6741
0,0,-6741
0,0,-6741
0,0,-6741
0,0,-6741
0,0,-6741
0,0,-6741
0,0,-6741
0,0,-6741
0,0,-6741
0,0,-6741
0,0,-6741
0,0,-6741
0,0,-6741
0,0,-6741
0,0,-6741
0,0,-6741
0,0,-6741
0,0,-6741
0,0,-6741
0,0,-6741
0,0,-6741
0,0,-6741
0,0,-6741
0,0,-6741
0,0,-6741
0,0,-6741
0,0,-6741
0,0,-6741
0,0,-6741
0,0,-6741
0,0,-6741
0,0,-6741
0,0,-6741
0,0,-6741
0,0,-6741
0,0,-6741
0,0,-6741
0,0,-6741
0,0,-6741
0,0,-6741
0,0,-6741
0,0,-6741
0,0,-6741
0,0,-6741
0,0,-6741
0,0,-6741
0,0,-6741
0,0,-6741
0,0,-6741
0,0,-6741
0,0,-6741
0,0,-6741
0,0,-6741
0,0,-6741
0,0,-6741
0,0,-6741
0,0,-6741
0,0,-6741
0,0,-6741
0,0,-6741
0,0,-6741
0,0,-6741
0,0,-6741
0,0,-6741
0,0,-6741
0,0,-6741
0,0,-6741
0,0,-6741
0,0,-6741
0,0,-6741
0,0,-6741
0,0,-6741
0,0,-6741
0,0,-6741
0,0,-6741
0,0,-6741
0,0,-6741
0,0,-6741
0,0,-6741
0,0,-6741
0,0,-6741
0,0,-6741
0,0,-6733
0,0,-6710
0,0,-6671
0,0,-6619
0,0,-6552
0,0,-6473
0,0,-6382
0,0,-6279
0,0,-6165
0,0,-6040
0,0,-5906
0,0,-5763
0,0,-5611
0,0,-5452
0,0,-5285
0,0,-5112
0,0,-4933
0,0,-4749
0,0,-4561
0,0,-4368
0,0,-4173
0,0,-3975
0,0,-3774
0,0,-3573
0,0,-3371
0,0,-3169
0,0,-2967
0,0,-2767
0,0,-2569
0,0,-2373
0,0,-2181
0,0,-1992
0,0,-1808
0,0,-1629
0,0,-1456
0,0,-1290
0,0,-1131
0,0,-979
0,0,-836
0,0,-702
0,0,-577
0,0,-463
0,0,-360
0,0,-268
0,0,-189
0,0,-123
0,0,-70
0,0,-32
0,0,-8
0,0,-0
0,0,0
0,0,0
0,0,0
0,0,0
0,0,0
0,0,0
0,0,0
0,0,0
0,0,0
0,0,0
0,0,0
0,0,0
0,0,0
0,0,0
0,0,0
0,0,0
0,0,0
0,0,0
0,0,0
0,0,0
0,0,0
0,0,0
0,0,0
0,0,0
0,0,0
0,0,0
0,0,0
0,0,0
0,0,0
0,0,0
0,0,0
0,0,0
0,0,0
0,0,0
0,0,0
0,0,0
0,0,0
0,0,0
0,0,0
0,0,0
0,0,0
0,0,0
0,0,0
0,0,0
0,0,0
0,0,0
0,0,0
0,0,0
0,0,0
0,0,0
0,0,0
0,0,0
0,0,0
0,0,0
0,0,0
0,0,0
0,0,0
0,0,0
0,0,0
0,0,0
0,0,0
0,0,0
0,0,0
0,0,0
0,0,0
0,0,0
0,0,0
0,0,0
0,0,0
0,0,0
0,0,0
0,0,0
0,0,0
0,0,0
0,0,0
0,0,0
0,0,0
0,0,0
0,0,0
0,0,0
0,0,0
0,0,0
0,0,0
0,0,0
0,0,0
0,0,0
0,0,0
0,0,0
0,0,0
0,0,0
0,0,0
0,0,0
0,0,0
0,0,0
0,0,0
0,0,0
0,0,0
0,0,0
0,0,0
0,0,0
0,0,0
0,0,0
0,0,0
0,0,0
0,0,0
0,0,0
0,0,0
0,0,0
0,0,0
0,0,0
0,0,0
0,0,0
0,0,0
0,0,0
0,0,0
0,0,0
0,0,0
0,0,0
0,0,0
0,0,0
0,0,0
0,0,0
0,0,0
0,0,0
0,0,0
0,0,0
0,0,0
0,0,0
0,0,0
0,0,0
0,0,0
0,0,0
0,0,0
0,0,0
0,0,0
0,0,0
0,0,0
0,0,0
0,0,0
0,0,0
0,0,0
0,0,0
0,0,0
0,0,0
0,0,0
0,0,0
0,0,0
0,0,0
0,0,0
0,0,0
0,0,0
0,0,0
0,0,0
0,0,0
0,0,0
0,0,0
0,0,0
0,0,0
0,0,0
0,0,0
0,0,0
0,0,0
0,0,0
0,0,0
0,0,0
0,0,0
0,0,0
0,0,0
0,0,0
0,0,0
0,0,0
0,0,0
0,0,0
0,0,0
0,0,0
0,0,0
0,0,0
0,0,0
0,0,0
0,0,0
0,0,0
0,0,0
0,0,0
0,0,0
0,0,0
0,0,0
0,0,0
0,0,0
0,0,0
0,0,0
0,0,0
0,0,0
0,0,0
0,0,0
0,0,0
0,0,0
0,0,0
0,0,0
0,0,0
0,0,0
0,0,0
0,0,0
0,0,0
0,7,0
0,31,0
0,69,0
0,122,0
0,188,0
0,267,0
0,359,0
0,462,0
0,576,0
0,701,0
0,835,0
0,978,0
0,1130,0
0,1289,0
0,1455,0
0,1628,0
0,1807,0
0,1991,0
0,2180,0
0,2372,0
0,2568,0
0,2766,0
0,2966,0
0,3168,0
0,3370,0
0,3572,0
0,3773,0
0,3974,0
0,4172,0
0,4367,0
0,4560,0
0,4748,0
0,4932,0
0,5111,0
0,5284,0
0,5451,0
0,5610,0
0,5762,0
0,5905,0
0,6039,0
0,6164,0
0,6278,0
0,6381,0
0,6472,0
0,6551,0
0,6618,0
0,6670,0
0,6709,0
0,6732,0
0,6740,0
0,6740,0
0,6740,0
0,6740,0
0,6740,0
0,6740,0
0,6740,0
0,6740,0
0,6740,0
0,6740,0
0,6740,0
0,6740,0
0,6740,0
0,6740,0
0,6740,0
0,6740,0
0,6740,0
0,6740,0
0,6740,0
0,6740,0
0,6740,0
0,6740,0
0,6740,0
0,6740,0
0,6740,0
0,6740,0
0,6740,0
0,6740,0
0,6740,0
0,6740,0
0,6740,0
0,6740,0
0,6740,0
0,6740,0
0,6740,0
0,6740,0
0,6740,0
0,6740,0
0,6740,0
0,6740,0
0,6740,0
0,6740,0
0,6740,0
0,6740,0
0,6740,0
0,6740,0
0,6740,0
0,6740,0
0,6740,0
0,6740,0
0,6740,0
0,6740,0
0,6740,0
0,6740,0
0,6740,0
0,6740,0
0,6740,0
0,6740,0
0,6740,0
0,6740,0
0,6740,0
0,6740,0
0,6740,0
0,6740,0
0,6740,0
0,6740,0
0,6740,0
0,6740,0
0,6740,0
0,6740,0
0,6740,0
0,6740,0
0,6740,0
0,6740,0
0,6740,0
0,6740,0
0,6740,0
0,6740,0
0,6740,0
0,6740,0
0,6740,0
0,6740,0
0,6740,0
0,6740,0
0,6740,0
0,6740,0
0,6740,0
0,6740,0
0,6740,0
0,6740,0
0,6740,0
0,6740,0
0,6740,0
0,6740,0
0,6740,0
0,6740,0
0,6740,0
0,6740,0
0,6740,0
0,6740,0
0,6740,0
0,6740,0
0,6740,0
0,6740,0
0,6740,0
0,6740,0
0,6740,0
0,6740,0
0,6740,0
0,6740,0
0,6740,0
0,6740,0
0,6740,0
0,6740,0
0,6740,0
0,6740,0
0,6740,0
0,6740,0
0,6740,0
0,6740,0
0,6740,0
0,6740,0
0,6740,0
0,6740,0
0,6740,0
0,6740,0
0,6740,0
0,6740,0
0,6740,0
0,6740,0
0,6740,0
0,6740,0
0,6740,0
0,6740,0
0,6740,0
0,6740,0
0,6740,0
0,6740,0
0,6740,0
0,6740,0
0,6740,0
0,6740,0
0,6740,0
0,6740,0
0,6740,0
0,6740,0
0,6740,0
0,6740,0
0,6740,0
0,6740,0
0,6740,0
0,6740,0
0,6740,0
0,6740,0
0,6740,0
0,6740,0
0,6740,0
0,6740,0
0,6740,0
0,6740,0
0,6740,0
0,6740,0
0,6740,0
0,6740,0
0,6740,0
0,6740,0
0,6740,0
0,6740,0
0,6740,0
0,6740,0
0,6740,0
0,6740,0
0,6740,0
0,6740,0
0,6740,0
0,6740,0
0,6740,0
0,6740,0
0,6740,0
0,6740,0
0,6740,0
0,6740,0
0,6740,0
0,6740,0
0,6740,0
0,6740,0
0,6740,0
0,6740,0
0,6740,0
0,6740,0
0,6740,0
0,6740,0
0,6740,0
0,6740,0
0,6740,0
0,6740,0
0,6740,0
0,6740,0
0,6740,0
0,6740,0
0,6740,0
0,6740,0
0,6740,0
0,6740,0
0,6740,0
0,6740,0
0,6740,0
0,6740,0
0,6740,0
0,6740,0
0,6740,0
0,6740,0
0,6740,0
0,6740,0
0,6740,0
0,6740,0
0,6740,0
0,6740,0
0,6740,0
0,6740,0
0,6740,0
0,6740,0
0,6740,0
0,6740,0
0,6740,0
0,6740,0
0,6740,0
0,6740,0
0,6740,0
0,6740,0
0,6740,0
0,6740,0
0,6740,0
0,6740,0
0,6740,0
0,6740,0
0,6740,0
0,6740,0
0,6740,0
0,6740,0
0,6740,0
0,6740,0
0,6740,0
0,6740,0
0,6740,0
0,6740,0
0,6740,0
0,6740,0
0,6740,0
0,6740,0
0,6740,0
0,6740,0
0,6740,0
0,6740,0
0,6740,0
0,6740,0
0,6740,0
0,6740,0
0,6740,0
0,6740,0
0,6740,0
0,6740,0
0,6740,0
0,6740,0
0,6740,0
0,6740,0
0,6740,0
0,6740,0
0,6740,0
0,6740,0
0,6740,0
0,6740,0
0,6740,0
0,6740,0
0,6740,0
0,6740,0
0,6740,0
0,6740,0
0,6740,0
0,6740,0
0,6740,0
0,6740,0
0,6740,0
0,6740,0
0,6740,0
0,6740,0
0,6740,0
0,6740,0
0,6740,0
0,6740,0
0,6740,0
0,6740,0
0,6740,0
0,6740,0
0,6740,0
0,6740,0
0,6740,0
0,6740,0
0,6740,0
0,6740,0
0,6740,0
0,6732,0
0,6709,0
0,6670,0
0,6618,0
0,6551,0
0,6472,0
0,6381,0
0,6278,0
0,6164,0
0,6039,0
0,5905,0
0,5762,0
0,5610,0
0,5451,0
0,5284,0
0,5111,0
0,4932,0
0,4748,0
0,4560,0
0,4367,0
0,4172,0
0,3974,0
0,3773,0
0,3572,0
0,3370,0
0,3168,0
0,2966,0
0,2766,0
0,2568,0
0,2372,0
0,2180,0
0,1991,0
0,1807,0
0,1628,0
0,1455,0
0,1289,0
0,1130,0
0,978,0
0,835,0
0,701,0
0,576,0
0,462,0
0,359,0
0,267,0
0,188,0
0,122,0
0,69,0
0,31,0
0,7,0
0,0,0
0,0,0
0,0,0
0,0,0
0,0,0
0,0,0
0,0,0
0,0,0
0,0,0
0,0,0
0,0,0
0,0,0
0,0,0
0,0,0
0,0,0
0,0,0
0,0,0
0,0,0
0,0,0
0,0,0
0,0,0
0,0,0
0,0,0
0,0,0
0,0,0
0,0,0
0,0,0
0,0,0
0,0,0
0,0,0
0,0,0
0,0,0
0,0,0
0,0,0
0,0,0
0,0,0
0,0,0
0,0,0
0,0,0
0,0,0
0,0,0
0,0,0
0,0,0
0,0,0
0,0,0
0,0,0
0,0,0
0,0,0
0,0,0
0,0,0
0,0,0
0,0,0
0,0,0
0,0,0
0,0,0
0,0,0
0,0,0
0,0,0
0,0,0
0,0,0
0,0,0
0,0,0
0,0,0
0,0,0
0,0,0
0,0,0
0,0,0
0,0,0
0,0,0
0,0,0
0,0,0
0,0,0
0,0,0
0,0,0
0,0,0
0,0,0
0,0,0
0,0,0
0,0,0
0,0,0
0,0,0
0,0,0
0,0,0
0,0,0
0,0,0
0,0,0
0,0,0
0,0,0
0,0,0
0,0,0
0,0,0
0,0,0
0,0,0
0,0,0
0,0,0
0,0,0
0,0,0
0,0,0
0,0,0
0,0,0
0,0,0
0,0,0
0,-0,0
0,-8,0
0,-32,0
0,-70,0
0,-123,0
0,-189,0
0,-268,0
0,-360,0
0,-463,0
0,-577,0
0,-702,0
0,-836,0
0,-979,0
0,-1131,0
0,-1290,0
0,-1456,0
0,-1629,0
0,-1808,0
0,-1992,0
0,-2181,0
0,-2373,0
0,-2569,0
0,-2767,0
0,-2967,0
0,-3169,0
0,-3371,0
0,-3573,0
0,-3774,0
0,-3975,0
0,-4173,0
0,-4368,0
0,-4561,0
0,-4749,0
0,-4933,0
0,-5112,0
0,-5285,0
0,-5452,0
0,-5611,0
0,-5763,0
0,-5906,0
0,-6040,0
0,-6165,0
0,-6279,0
0,-6382,0
0,-6473,0
0,-6552,0
0,-6619,0
0,-6671,0
0,-6710,0
0,-6733,0
0,-6741,0
0,-6741,0
0,-6741,0
0,-6741,0
0,-6741,0
0,-6741,0
0,-6741,0
0,-6741,0
0,-6741,0
0,-6741,0
0,-6741,0
0,-6741,0
0,-6741,0
0,-6741,0
0,-6741,0
0,-6741,0
0,-6741,0
0,-6741,0
0,-6741,0
0,-6741,0
0,-6741,0
0,-6741,0
0,-6741,0
0,-6741,0
0,-6741,0
0,-6741,0
0,-6741,0
0,-6741,0
0,-6741,0
0,-6741,0
0,-6741,0
0,-6741,0
0,-6741,0
0,-6741,0
0,-6741,0
0,-6741,0
0,-6741,0
0,-6741,0
0,-6741,0
0,-6741,0
0,-6741,0
0,-6741,0
0,-6741,0
0,-6741,0
0,-6741,0
0,-6741,0
0,-6741,0
0,-6741,0
0,-6741,0
0,-6741,0
0,-6741,0
0,-6741,0
0,-6741,0
0,-6741,0
0,-6741,0
0,-6741,0
0,-6741,0
0,-6741,0
0,-6741,0
0,-6741,0
0,-6741,0
0,-6741,0
0,-6741,0
0,-6741,0
0,-6741,0
0,-6741,0
0,-6741,0
0,-6741,0
0,-6741,0
0,-6741,0
0,-6741,0
0,-6741,0
0,-6741,0
0,-6741,0
0,-6741,0
0,-6741,0
0,-6741,0
0,-6741,0
0,-6741,0
0,-6741,0
0,-6741,0
0,-6741,0
0,-6741,0
0,-6741,0
0,-6741,0
0,-6741,0
0,-6741,0
0,-6741,0
0,-6741,0
0,-6741,0
0,-6741,0
0,-6741,0
0,-6741,0
0,-6741,0
0,-6741,0
0,-6741,0
0,-6741,0
0,-6741,0
0,-6741,0
0,-6741,0
0,-6741,0
0,-6741,0
0,-6741,0
0,-6741,0
0,-6741,0
0,-6741,0
0,-6741,0
0,-6741,0
0,-6741,0
0,-6741,0
0,-6741,0
0,-6741,0
0,-6741,0
0,-6741,0
0,-6741,0
0,-6741,0
0,-6741,0
0,-6741,0
0,-6741,0
0,-6741,0
0,-6741,0
0,-6741,0
0,-6741,0
0,-6741,0
0,-6741,0
0,-6741,0
0,-6741,0
0,-6741,0
0,-6741,0
0,-6741,0
0,-6741,0
0,-6741,0
0,-6741,0
0,-6741,0
0,-6741,0
0,-6741,0
0,-6741,0
0,-6741,0
0,-6741,0
0,-6741,0
0,-6741,0
0,-6741,0
0,-6741,0
0,-6741,0
0,-6741,0
0,-6741,0
0,-6741,0
0,-6741,0
0,-6741,0
0,-6741,0
0,-6741,0
0,-6741,0
0,-6741,0
0,-6741,0
0,-6741,0
0,-6741,0
0,-6741,0
0,-6741,0
0,-6741,0
0,-6741,0
0,-6741,0
0,-6741,0
0,-6741,0
0,-6741,0
0,-6741,0
0,-6741,0
0,-6741,0
0,-6741,0
0,-6741,0
0,-6741,0
0,-6741,0
0,-6741,0
0,-6741,0
0,-6741,0
0,-6741,0
0,-6741,0
0,-6741,0
0,-6741,0
0,-6741,0
0,-6741,0
0,-6741,0
0,-6741,0
0,-6741,0
0,-6741,0
0,-6741,0
0,-6741,0
0,-6741,0
0,-6741,0
0,-6741,0
0,-6741,0
0,-6741,0
0,-6741,0
0,-6741,0
0,-6741,0
0,-6741,0
0,-6741,0
0,-6741,0
0,-6741,0
0,-6741,0
0,-6741,0
0,-6741,0
0,-6741,0
0,-6741,0
0,-6741,0
0,-6741,0
0,-6741,0
0,-6741,0
0,-6741,0
0,-6741,0
0,-6741,0
0,-6741,0
0,-6741,0
0,-6741,0
0,-6741,0
0,-6741,0
0,-6741,0
0,-6741,0
0,-6741,0
0,-6741,0
0,-6741,0
0,-6741,0
0,-6741,0
0,-6741,0
0,-6741,0
0,-6741,0
0,-6741,0
0,-6741,0
0,-6741,0
0,-6741,0
0,-6741,0
0,-6741,0
0,-6741,0
0,-6741,0
0,-6741,0
0,-6741,0
0,-6741,0
0,-6741,0
0,-6741,0
0,-6741,0
0,-6741,0
0,-6741,0
0,-6741,0
0,-6741,0
0,-6741,0
0,-6741,0
0,-6741,0
0,-6741,0
0,-6741,0
0,-6741,0
0,-6741,0
0,-6741,0
0,-6741,0
0,-6741,0
0,-6741,0
0,-6741,0
0,-6741,0
0,-6741,0
0,-6741,0
0,-6741,0
0,-6741,0
0,-6741,0
0,-6741,0
0,-6741,0
0,-6741,0
0,-6741,0
0,-6741,0
0,-6741,0
0,-6741,0
0,-6741,0
0,-6741,0
0,-6741,0
0,-6741,0
0,-6741,0
0,-6741,0
0,-6741,0
0,-6741,0
0,-6741,0
0,-6741,0
0,-6741,0
0,-6741,0
0,-6741,0
0,-6741,0
0,-6741,0
0,-6741,0
0,-6741,0
0,-6741,0
0,-6741,0
0,-6741,0
0,-6741,0
0,-6741,0
0,-6741,0
0,-6741,0
0,-6741,0
0,-6741,0
0,-6741,0
0,-6741,0
0,-6741,0
0,-6741,0
0,-6741,0
0,-6741,0
0,-6741,0
0,-6733,0
0,-6710,0
0,-6671,0
0,-6619,0
0,-6552,0
0,-6473,0
0,-6382,0
0,-6279,0
0,-6165,0
0,-6040,0
0,-5906,0
0,-5763,0
0,-5611,0
0,-5452,0
0,-5285,0
0,-5112,0
0,-4933,0
0,-4749,0
0,-4561,0
0,-4368,0
0,-4173,0
0,-3975,0
0,-3774,0
0,-3573,0
0,-3371,0
0,-3169,0
0,-2967,0
0,-2767,0
0,-2569,0
0,-2373,0
0,-2181,0
0,-1992,0
0,-1808,0
0,-1629,0
0,-1456,0
0,-1290,0
0,-1131,0
0,-979,0
0,-836,0
0,-702,0
0,-577,0
0,-463,0
0,-360,0
0,-268,0
0,-189,0
0,-123,0
0,-70,0
0,-32,0
0,-8,0
0,-0,0
0,0,0
0,0,0
0,0,0
0,0,0
0,0,0
0,0,0
0,0,0
0,0,0
0,0,0
0,0,0
0,0,0
0,0,0
0,0,0
0,0,0
0,0,0
0,0,0
0,0,0
0,0,0
0,0,0
0,0,0
0,0,0
0,0,0
0,0,0
0,0,0
0,0,0
0,0,0
0,0,0
0,0,0
0,0,0
0,0,0
0,0,0
0,0,0
0,0,0
0,0,0
0,0,0
0,0,0
0,0,0
0,0,0
0,0,0
0,0,0
0,0,0
0,0,0
0,0,0
0,0,0
0,0,0
0,0,0
0,0,0
0,0,0
0,0,0
0,0,0
0,0,0
0,0,0
0,0,0
0,0,0
0,0,0
0,0,0
0,0,0
0,0,0
0,0,0
0,0,0
0,0,0
0,0,0
0,0,0
0,0,0
0,0,0
0,0,0
0,0,0
0,0,0
0,0,0
0,0,0
0,0,0
0,0,0
0,0,0
0,0,0
0,0,0
0,0,0
0,0,0
0,0,0
0,0,0
0,0,0
0,0,0
0,0,0
0,0,0
0,0,0
0,0,0
0,0,0
0,0,0
0,0,0
0,0,0
0,0,0
0,0,0
0,0,0
0,0,0
0,0,0
0,0,0
0,0,0
0,0,0
0,0,0
0,0,0
0,0,0
0,0,0
0,0,0
0,0,0
0,0,0
0,0,0
0,0,0
0,0,0
0,0,0
0,0,0
0,0,0
0,0,0
0,0,0
0,0,0
0,0,0
0,0,0
0,0,0
0,0,0
0,0,0
0,0,0
0,0,0
0,0,0
0,0,0
0,0,0
0,0,0
0,0,0
0,0,0
0,0,0
0,0,0
0,0,0
0,0,0
0,0,0
0,0,0
0,0,0
0,0,0
0,0,0
0,0,0
0,0,0
0,0,0
0,0,0
0,0,0
0,0,0
0,0,0
0,0,0
0,0,0
0,0,0
0,0,0
0,0,0
0,0,0
0,0,0
0,0,0
0,0,0
0,0,0
0,0,0
0,0,0
0,0,0
0,0,0
0,0,0
0,0,0
0,0,0
0,0,0
0,0,0
0,0,0
0,0,0
0,0,0
0,0,0
0,0,0
0,0,0
0,0,0
0,0,0
0,0,0
0,0,0
0,0,0
0,0,0
0,0,0
0,0,0
0,0,0
0,0,0
0,0,0
0,0,0
0,0,0
0,0,0
0,0,0
0,0,0
0,0,0
0,0,0
0,0,0
0,0,0
0,0,0
0,0,0
0,0,0
0,0,0
0,0,0
0,0,0
0,0,0
0,0,0
0,0,0
0,0,0
0,0,0
0,0,0
0,0,0
0,0,0
0,0,0
0,0,0
7,0,0
31,0,0
69,0,0
122,0,0
188,0,0
267,0,0
359,0,0
462,0,0
576,0,0
701,0,0
835,0,0
978,0,0
1130,0,0
1289,0,0
1455,0,0
1628,0,0
1807,0,0
1991,0,0
2180,0,0
2372,0,0
2568,0,0
2766,0,0
2966,0,0
3168,0,0
3370,0,0
3572,0,0
3773,0,0
3974,0,0
4172,0,0
4367,0,0
4560,0,0
4748,0,0
4932,0,0
5111,0,0
5284,0,0
5451,0,0
5610,0,0
5762,0,0
5905,0,0
6039,0,0
6164,0,0
6278,0,0
6381,0,0
6472,0,0
6551,0,0
6618,0,0
6670,0,0
6709,0,0
6732,0,0
6740,0,0
6740,0,0
6740,0,0
6740,0,0
6740,0,0
6740,0,0
6740,0,0
6740,0,0
6740,0,0
6740,0,0
6740,0,0
6740,0,0
6740,0,0
6740,0,0
6740,0,0
6740,0,0
6740,0,0
6740,0,0
6740,0,0
6740,0,0
6740,0,0
6740,0,0
6740,0,0
6740,0,0
6740,0,0
6740,0,0
6740,0,0
6740,0,0
6740,0,0
6740,0,0
6740,0,0
6740,0,0
6740,0,0
6740,0,0
6740,0,0
6740,0,0
6740,0,0
6740,0,0
6740,0,0
6740,0,0
6740,0,0
6740,0,0
6740,0,0
6740,0,0
6740,0,0
6740,0,0
6740,0,0
6740,0,0
6740,0,0
6740,0,0
6740,0,0
6740,0,0
6740,0,0
6740,0,0
6740,0,0
6740,0,0
6740,0,0
6740,0,0
6740,0,0
6740,0,0
6740,0,0
6740,0,0
6740,0,0
6740,0,0
6740,0,0
6740,0,0
6740,0,0
6740,0,0
6740,0,0
6740,0,0
6740,0,0
6740,0,0
6740,0,0
6740,0,0
6740,0,0
6740,0,0
6740,0,0
6740,0,0
6740,0,0
6740,0,0
6740,0,0
6740,0,0
6740,0,0
6740,0,0
6740,0,0
6740,0,0
6740,0,0
6740,0,0
6740,0,0
6740,0,0
6740,0,0
6740,0,0
6740,0,0
6740,0,0
6740,0,0
6740,0,0
6740,0,0
6740,0,0
6740,0,0
6740,0,0
6740,0,0
6740,0,0
6740,0,0
6740,0,0
6740,0,0
6740,0,0
6740,0,0
6740,0,0
6740,0,0
6740,0,0
6740,0,0
6740,0,0
6740,0,0
6740,0,0
6740,0,0
6740,0,0
6740,0,0
6740,0,0
6740,0,0
6740,0,0
6740,0,0
6740,0,0
6740,0,0
6740,0,0
6740,0,0
6740,0,0
6740,0,0
6740,0,0
6740,0,0
6740,0,0
6740,0,0
6740,0,0
6740,0,0
6740,0,0
6740,0,0
6740,0,0
6740,0,0
6740,0,0
6740,0,0
6740,0,0
6740,0,0
6740,0,0
6740,0,0
6740,0,0
6740,0,0
6740,0,0
6740,0,0
6740,0,0
6740,0,0
6740,0,0
6740,0,0
6740,0,0
6740,0,0
6740,0,0
6740,0,0
6740,0,0
6740,0,0
6740,0,0
6740,0,0
6740,0,0
6740,0,0
6740,0,0
6740,0,0
6740,0,0
6740,0,0
6740,0,0
6740,0,0
6740,0,0
6740,0,0
6740,0,0
6740,0,0
6740,0,0
6740,0,0
6740,0,0
6740,0,0
6740,0,0
6740,0,0
6740,0,0
6740,0,0
6740,0,0
6740,0,0
6740,0,0
6740,0,0
6740,0,0
6740,0,0
6740,0,0
6740,0,0
6740,0,0
6740,0,0
6740,0,0
6740,0,0
6740,0,0
6740,0,0
6740,0,0
6740,0,0
6740,0,0
6740,0,0
6740,0,0
6740,0,0
6740,0,0
6740,0,0
6740,0,0
6740,0,0
6740,0,0
6740,0,0
6740,0,0
6740,0,0
6740,0,0
6740,0,0
6740,0,0
6740,0,0
6740,0,0
6740,0,0
6740,0,0
6740,0,0
6740,0,0
6740,0,0
6740,0,0
6740,0,0
6740,0,0
6740,0,0
6740,0,0
6740,0,0
6740,0,0
6740,0,0
6740,0,0
6740,0,0
6740,0,0
6740,0,0
6740,0,0
6740,0,0
6740,0,0
6740,0,0
6740,0,0
6740,0,0
6740,0,0
6740,0,0
6740,0,0
6740,0,0
6740,0,0
6740,0,0
6740,0,0
6740,0,0
6740,0,0
6740,0,0
6740,0,0
6740,0,0
6740,0,0
6740,0,0
6740,0,0
6740,0,0
6740,0,0
6740,0,0
6740,0,0
6740,0,0
6740,0,0
6740,0,0
6740,0,0
6740,0,0
6740,0,0
6740,0,0
6740,0,0
6740,0,0
6740,0,0
6740,0,0
6740,0,0
6740,0,0
6740,0,0
6740,0,0
6740,0,0
6740,0,0
6740,0,0
6740,0,0
6740,0,0
6740,0,0
6740,0,0
6740,0,0
6740,0,0
6740,0,0
6740,0,0
6740,0,0
6740,0,0
6740,0,0
6740,0,0
6740,0,0
6740,0,0
6740,0,0
6740,0,0
6740,0,0
6740,0,0
6740,0,0
6740,0,0
6740,0,0
6740,0,0
6740,0,0
6740,0,0
6740,0,0
6740,0,0
6740,0,0
6740,0,0
6740,0,0
6732,0,0
6709,0,0
6670,0,0
6618,0,0
6551,0,0
6472,0,0
6381,0,0
6278,0,0
6164,0,0
6039,0,0
5905,0,0
5762,0,0
5610,0,0
5451,0,0
5284,0,0
5111,0,0
4932,0,0
4748,0,0
4560,0,0
4367,0,0
4172,0,0
3974,0,0
3773,0,0
3572,0,0
3370,0,0
3168,0,0
2966,0,0
2766,0,0
2568,0,0
2372,0,0
2180,0,0
1991,0,0
1807,0,0
1628,0,0
1455,0,0
1289,0,0
1130,0,0
978,0,0
835,0,0
701,0,0
576,0,0
462,0,0
359,0,0
267,0,0
188,0,0
122,0,0
69,0,0
31,0,0
7,0,0
0,0,0
0,0,0
0,0,0
0,0,0
0,0,0
0,0,0
0,0,0
0,0,0
0,0,0
0,0,0
0,0,0
0,0,0
0,0,0
0,0,0
0,0,0
0,0,0
0,0,0
0,0,0
0,0,0
0,0,0
0,0,0
0,0,0
0,0,0
0,0,0
0,0,0
0,0,0
0,0,0
0,0,0
0,0,0
0,0,0
0,0,0
0,0,0
0,0,0
0,0,0
0,0,0
0,0,0
0,0,0
0,0,0
0,0,0
0,0,0
0,0,0
0,0,0
0,0,0
0,0,0
0,0,0
0,0,0
0,0,0
0,0,0
0,0,0
0,0,0
0,0,0
0,0,0
0,0,0
0,0,0
0,0,0
0,0,0
0,0,0
0,0,0
0,0,0
0,0,0
0,0,0
0,0,0
0,0,0
0,0,0
0,0,0
0,0,0
0,0,0
0,0,0
0,0,0
0,0,0
0,0,0
0,0,0
0,0,0
0,0,0
0,0,0
0,0,0
0,0,0
0,0,0
0,0,0
0,0,0
0,0,0
0,0,0
0,0,0
0,0,0
0,0,0
0,0,0
0,0,0
0,0,0
0,0,0
0,0,0
0,0,0
0,0,0
0,0,0
0,0,0
0,0,0
0,0,0
0,0,0
0,0,0
0,0,0
0,0,0
0,0,0
0,0,0
-0,0,0
-8,0,0
-32,0,0
-70,0,0
-123,0,0
-189,0,0
-268,0,0
-360,0,0
-463,0,0
-577,0,0
-702,0,0
-836,0,0
-979,0,0
-1131,0,0
-1290,0,0
-1456,0,0
-1629,0,0
-1808,0,0
-1992,0,0
-2181,0,0
-2373,0,0
-2569,0,0
-2767,0,0
-2967,0,0
-3169,0,0
-3371,0,0
-3573,0,0
-3774,0,0
-3975,0,0
-4173,0,0
-4368,0,0
-4561,0,0
-4749,0,0
-4933,0,0
-5112,0,0
-5285,0,0
-5452,0,0
-5611,0,0
-5763,0,0
-5906,0,0
-6040,0,0
-6165,0,0
-6279,0,0
-6382,0,0
-6473,0,0
-6552,0,0
-6619,0,0
-6671,0,0
-6710,0,0
-6733,0,0
-6741,0,0
-6741,0,0
-6741,0,0
-6741,0,0
-6741,0,0
-6741,0,0
-6741,0,0
-6741,0,0
-6741,0,0
-6741,0,0
-6741,0,0
-6741,0,0
-6741,0,0
-6741,0,0
-6741,0,0
-6741,0,0
-6741,0,0
-6741,0,0
-6741,0,0
-6741,0,0
-6741,0,0
-6741,0,0
-6741,0,0
-6741,0,0
-6741,0,0
-6741,0,0
-6741,0,0
-6741,0,0
-6741,0,0
-6741,0,0
-6741,0,0
-6741,0,0
-6741,0,0
-6741,0,0
-6741,0,0
-6741,0,0
-6741,0,0
-6741,0,0
-6741,0,0
-6741,0,0
-6741,0,0
-6741,0,0
-6741,0,0
-6741,0,0
-6741,0,0
-6741,0,0
-6741,0,0
-6741,0,0
-6741,0,0
-6741,0,0
-6741,0,0
-6741,0,0
-6741,0,0
-6741,0,0
-6741,0,0
-6741,0,0
-6741,0,0
-6741,0,0
-6741,0,0
-6741,0,0
-6741,0,0
-6741,0,0
-6741,0,0
-6741,0,0
-6741,0,0
-6741,0,0
-6741,0,0
-6741,0,0
-6741,0,0
-6741,0,0
-6741,0,0
-6741,0,0
-6741,0,0
-6741,0,0
-6741,0,0
-6741,0,0
-6741,0,0
-6741,0,0
-6741,0,0
-6741,0,0
-6741,0,0
-6741,0,0
-6741,0,0
-6741,0,0
-6741,0,0
-6741,0,0
-6741,0,0
-6741,0,0
-6741,0,0
-6741,0,0
-6741,0,0
-6741,0,0
-6741,0,0
-6741,0,0
-6741,0,0
-6741,0,0
-6741,0,0
-6741,0,0
-6741,0,0
-6741,0,0
-6741,0,0
-6741,0,0
-6741,0,0
-6741,0,0
-6741,0,0
-6741,0,0
-6741,0,0
-6741,0,0
-6741,0,0
-6741,0,0
-6741,0,0
-6741,0,0
-6741,0,0
-6741,0,0
-6741,0,0
-6741,0,0
-6741,0,0
-6741,0,0
-6741,0,0
-6741,0,0
-6741,0,0
-6741,0,0
-6741,0,0
-6741,0,0
-6741,0,0
-6741,0,0
-6741,0,0
-6741,0,0
-6741,0,0
-6741,0,0
-6741,0,0
-6741,0,0
-6741,0,0
-6741,0,0
-6741,0,0
-6741,0,0
-6741,0,0
-6741,0,0
-6741,0,0
-6741,0,0
-6741,0,0
-6741,0,0
-6741,0,0
-6741,0,0
-6741,0,0
-6741,0,0
-6741,0,0
-6741,0,0
-6741,0,0
-6741,0,0
-6741,0,0
-6741,0,0
-6741,0,0
-6741,0,0
-6741,0,0
-6741,0,0
-6741,0,0
-6741,0,0
-6741,0,0
-6741,0,0
-6741,0,0
-6741,0,0
-6741,0,0
-6741,0,0
-6741,0,0
-6741,0,0
-6741,0,0
-6741,0,0
-6741,0,0
-6741,0,0
-6741,0,0
-6741,0,0
-6741,0,0
-6741,0,0
-6741,0,0
-6741,0,0
-6741,0,0
-6741,0,0
-6741,0,0
-6741,0,0
-6741,0,0
-6741,0,0
-6741,0,0
-6741,0,0
-6741,0,0
-6741,0,0
-6741,0,0
-6741,0,0
-6741,0,0
-6741,0,0
-6741,0,0
-6741,0,0
-6741,0,0
-6741,0,0
-6741,0,0
-6741,0,0
-6741,0,0
-6741,0,0
-6741,0,0
-6741,0,0
-6741,0,0
-6741,0,0
-6741,0,0
-6741,0,0
-6741,0,0
-6741,0,0
-6741,0,0
-6741,0,0
-6741,0,0
-6741,0,0
-6741,0,0
-6741,0,0
-6741,0,0
-6741,0,0
-6741,0,0
-6741,0,0
-6741,0,0
-6741,0,0
-6741,0,0
-6741,0,0
-6741,0,0
-6741,0,0
-6741,0,0
-6741,0,0
-6741,0,0
-6741,0,0
-6741,0,0
-6741,0,0
-6741,0,0
-6741,0,0
-6741,0,0
-6741,0,0
-6741,0,0
-6741,0,0
-6741,0,0
-6741,0,0
-6741,0,0
-6741,0,0
-6741,0,0
-6741,0,0
-6741,0,0
-6741,0,0
-6741,0,0
-6741,0,0
-6741,0,0
-6741,0,0
-6741,0,0
-6741,0,0
-6741,0,0
-6741,0,0
-6741,0,0
-6741,0,0
-6741,0,0
-6741,0,0
-6741,0,0
-6741,0,0
-6741,0,0
-6741,0,0
-6741,0,0
-6741,0,0
-6741,0,0
-6741,0,0
-6741,0,0
-6741,0,0
-6741,0,0
-6741,0,0
-6741,0,0
-6741,0,0
-6741,0,0
-6741,0,0
-6741,0,0
-6741,0,0
-6741,0,0
-6741,0,0
-6741,0,0
-6741,0,0
-6741,0,0
-6741,0,0
-6741,0,0
-6741,0,0
-6741,0,0
-6741,0,0
-6741,0,0
-6741,0,0
-6741,0,0
-6741,0,0
-6741,0,0
-6741,0,0
-6741,0,0
-6741,0,0
-6741,0,0
-6741,0,0
-6741,0,0
-6741,0,0
-6741,0,0
-6741,0,0
-6741,0,0
-6741,0,0
-6741,0,0
-6741,0,0
-6741,0,0
-6733,0,0
-6710,0,0
-6671,0,0
-6619,0,0
-6552,0,0
-6473,0,0
-6382,0,0
-6279,0,0
-6165,0,0
-6040,0,0
-5906,0,0
-5763,0,0
-5611,0,0
-5452,0,0
-5285,0,0
-5112,0,0
-4933,0,0
-4749,0,0
-4561,0,0
-4368,0,0
-4173,0,0
-3975,0,0
-3774,0,0
-3573,0,0
-3371,0,0
-3169,0,0
-2967,0,0
-2767,0,0
-2569,0,0
-2373,0,0
-2181,0,0
-1992,0,0
-1808,0,0
-1629,0,0
-1456,0,0
-1290,0,0
-1131,0,0
-979,0,0
-836,0,0
-702,0,0
-577,0,0
-463,0,0
-360,0,0
-268,0,0
-189,0,0
-123,0,0
-70,0,0
-32,0,0
-8,0,0
-0,0,0
0,0,0
0,0,0
0,0,0
0,0,0
0,0,0
0,0,0
0,0,0
0,0,0
0,0,0
0,0,0
0,0,0
0,0,0
0,0,0
0,0,0
0,0,0
0,0,0
0,0,0
0,0,0
0,0,0
0,0,0
0,0,0
0,0,0
0,0,0
0,0,0
0,0,0
0,0,0
0,0,0
0,0,0
0,0,0
0,0,0
0,0,0
0,0,0
0,0,0
0,0,0
0,0,0
0,0,0
0,0,0
0,0,0
0,0,0
0,0,0
0,0,0
0,0,0
0,0,0
0,0,0
0,0,0
0,0,0
0,0,0
0,0,0
0,0,0
0,0,0
0,0,0
0,0,0
0,0,0
0,0,0
0,0,0
0,0,0
0,0,0
0,0,0
0,0,0
0,0,0
0,0,0
0,0,0
0,0,0
0,0,0
0,0,0
0,0,0
0,0,0
0,0,0
0,0,0
0,0,0
0,0,0
0,0,0
0,0,0
0,0,0
0,0,0
0,0,0
0,0,0
0,0,0
0,0,0
0,0,0
0,0,0
0,0,0
0,0,0
0,0,0
0,0,0
0,0,0
0,0,0
0,0,0
0,0,0
0,0,0
0,0,0
0,0,0
0,0,0
0,0,0
0,0,0
0,0,0
0,0,0
0,0,0
0,0,0
0,0,0
0,0,0
0,0,-0
0,0,-0
0,0,-0
0,0,-0
0,0,-0
0,0,-0
0,0,-0
0,0,-0
0,0,-0
0,0,-0
0,0,-0
0,0,-0
0,0,-0
0,0,-0
0,0,-0
0,0,-0
0,0,-0
0,0,-0
0,0,-0
0,0,-0
0,0,-0
0,0,-0
0,0,-0
0,0,-0
0,0,-0
0,0,-0
0,0,-0
0,0,-0
0,0,-0
0,0,-0
0,0,-0
0,0,-0
0,0,-0
0,0,-0
0,0,-0
0,0,-0
0,0,-0
0,0,-0
0,0,-0
0,0,-0
0,0,-0
0,0,-0
0,0,-0
0,0,-0
0,0,-0
0,0,-0
0,0,-0
0,0,-0
0,0,-0
0,0,-0
0,0,-0
0,0,-0
0,0,-0
0,0,-0
0,0,-0
0,0,-0
0,0,-0
0,0,-0
0,0,-0
0,0,-0
0,0,-0
0,0,-0
0,0,-0
0,0,-0
0,0,-0
0,0,-0
0,0,-0
0,0,-0
0,0,-0
0,0,-0
0,0,-0
0,0,-0
0,0,-0
0,0,-0
0,0,-0
0,0,-0
0,0,-0
0,0,-0
0,0,-0
0,0,-0
0,0,-0
0,0,-0
0,0,-0
0,0,-0
0,0,-0
0,0,-0
0,0,-0
0,0,-0
0,0,-0
0,0,-0
0,0,-0
0,0,-0
0,0,-0
0,0,-0
0,0,-0
0,0,-0
0,0,-0
0,0,-0
0,0,-0
0,0,-0
0,0,-0
0,0,-0
7,0,-8
31,0,-32
69,0,-70
122,0,-123
188,0,-189
267,0,-268
359,0,-360
462,0,-463
576,0,-577
701,0,-702
835,0,-836
978,0,-979
1130,0,-1131
1289,0,-1290
1455,0,-1456
1628,0,-1629
1807,0,-1808
1991,0,-1992
2180,0,-2181
2372,0,-2373
2568,0,-2569
2766,0,-2767
2966,0,-2967
3168,0,-3169
3370,0,-3371
3572,0,-3573
3773,0,-3774
3974,0,-3975
4172,0,-4173
4367,0,-4368
4560,0,-4561
4748,0,-4749
4932,0,-4933
5111,0,-5112
5284,0,-5285
5451,0,-5452
5610,0,-5611
5762,0,-5763
5905,0,-5906
6039,0,-6040
6164,0,-6165
6278,0,-6279
6381,0,-6382
6472,0,-6473
6551,0,-6552
6618,0,-6619
6670,0,-6671
6709,0,-6710
6732,0,-6733
6740,0,-6741
6740,0,-6741
6740,0,-6741
6740,0,-6741
6740,0,-6741
6740,0,-6741
6740,0,-6741
6740,0,-6741
6740,0,-6741
6740,0,-6741
6740,0,-6741
6740,0,-6741
6740,0,-6741
6740,0,-6741
6740,0,-6741
6740,0,-6741
6740,0,-6741
6740,0,-6741
6740,0,-6741
6740,0,-6741
6740,0,-6741
6740,0,-6741
6740,0,-6741
6740,0,-6741
6740,0,-6741
6740,0,-6741
6740,0,-6741
6740,0,-6741
6740,0,-6741
6740,0,-6741
6740,0,-6741
6740,0,-6741
6740,0,-6741
6740,0,-6741
6740,0,-6741
6740,0,-6741
6740,0,-6741
6740,0,-6741
6740,0,-6741
6740,0,-6741
6740,0,-6741
6740,0,-6741
6740,0,-6741
6740,0,-6741
6740,0,-6741
6740,0,-6741
6740,0,-6741
6740,0,-6741
6740,0,-6741
6740,0,-6741
6740,0,-6741
6740,0,-6741
6740,0,-6741
6740,0,-6741
6740,0,-6741
6740,0,-6741
6740,0,-6741
6740,0,-6741
6740,0,-6741
6740,0,-6741
6740,0,-6741
6740,0,-6741
6740,0,-6741
6740,0,-6741
6740,0,-6741
6740,0,-6741
6740,0,-6741
6740,0,-6741
6740,0,-6741
6740,0,-6741
6740,0,-6741
6740,0,-6741
6740,0,-6741
6740,0,-6741
6740,0,-6741
6740,0,-6741
6740,0,-6741
6740,0,-6741
6740,0,-6741
6740,0,-6741
6740,0,-6741
6740,0,-6741
6740,0,-6741
6740,0,-6741
6740,0,-6741
6740,0,-6741
6740,0,-6741
6740,0,-6741
6740,0,-6741
6740,0,-6741
6740,0,-6741
6740,0,-6741
6740,0,-6741
6740,0,-6741
6740,0,-6741
6740,0,-6741
6740,0,-6741
6740,0,-6741
6740,0,-6741
6740,0,-6741
6740,0,-6741
6740,0,-6741
6740,0,-6741
6740,0,-6741
6740,0,-6741
6740,0,-6741
6740,0,-6741
6740,0,-6741
6740,0,-6741
6740,0,-6741
6740,0,-6741
6740,0,-6741
6740,0,-6741
6740,0,-6741
6740,0,-6741
6740,0,-6741
6740,0,-6741
6740,0,-6741
6740,0,-6741
6740,0,-6741
6740,0,-6741
6740,0,-6741
6740,0,-6741
6740,0,-6741
6740,0,-6741
6740,0,-6741
6740,0,-6741
6740,0,-6741
6740,0,-6741
6740,0,-6741
6740,0,-6741
6740,0,-6741
6740,0,-6741
6740,0,-6741
6740,0,-6741
6740,0,-6741
6740,0,-6741
6740,0,-6741
6740,0,-6741
6740,0,-6741
6740,0,-6741
6740,0,-6741
6740,0,-6741
6740,0,-6741
6740,0,-6741
6740,0,-6741
6740,0,-6741
6740,0,-6741
6740,0,-6741
6740,0,-6741
6740,0,-6741
6740,0,-6741
6740,0,-6741
6740,0,-6741
6740,0,-6741
6740,0,-6741
6740,0,-6741
6740,0,-6741
6740,0,-6741
6740,0,-6741
6740,0,-6741
6740,0,-6741
6740,0,-6741
6740,0,-6741
6740,0,-6741
6740,0,-6741
6740,0,-6741
6740,0,-6741
6740,0,-6741
6740,0,-6741
6740,0,-6741
6740,0,-6741
6740,0,-6741
6740,0,-6741
6740,0,-6741
6740,0,-6741
6740,0,-6741
6740,0,-6741
6740,0,-6741
6740,0,-6741
6740,0,-6741
6740,0,-6741
6740,0,-6741
6740,0,-6741
6740,0,-6741
6740,0,-6741
6740,0,-6741
6740,0,-6741
6740,0,-6741
6740,0,-6741
6740,0,-6741
6740,0,-6741
6740,0,-6741
6740,0,-6741
6740,0,-6741
6740,0,-6741
6740,0,-6741
6740,0,-6741
6740,0,-6741
6740,0,-6741
6740,0,-6741
6740,0,-6741
6740,0,-6741
6740,0,-6741
6740,0,-6741
6740,0,-6741
6740,0,-6741
6740,0,-6741
6740,0,-6741
6740,0,-6741
6740,0,-6741
6740,0,-6741
6740,0,-6741
6740,0,-6741
6740,0,-6741
6740,0,-6741
6740,0,-6741
6740,0,-6741
6740,0,-6741
6740,0,-6741
6740,0,-6741
6740,0,-6741
6740,0,-6741
6740,0,-6741
6740,0,-6741
6740,0,-6741
6740,0,-6741
6740,0,-6741
6740,0,-6741
6740,0,-6741
6740,0,-6741
6740,0,-6741
6740,0,-6741
6740,0,-6741
6740,0,-6741
6740,0,-6741
6740,0,-6741
6740,0,-6741
6740,0,-6741
6740,0,-6741
6740,0,-6741
6740,0,-6741
6740,0,-6741
6740,0,-6741
6740,0,-6741
6740,0,-6741
6740,0,-6741
6740,0,-6741
6740,0,-6741
6740,0,-6741
6740,0,-6741
6740,0,-6741
6740,0,-6741
6740,0,-6741
6740,0,-6741
6740,0,-6741
6740,0,-6741
6740,0,-6741
6740,0,-6741
6740,0,-6741
6740,0,-6741
6740,0,-6741
6740,0,-6741
6740,0,-6741
6740,0,-6741
6740,0,-6741
6740,0,-6741
6740,0,-6741
6740,0,-6741
6740,0,-6741
6740,0,-6741
6740,0,-6741
6740,0,-6741
6740,0,-6741
6740,0,-6741
6740,0,-6741
6740,0,-6741
6740,0,-6741
6740,0,-6741
6740,0,-6741
6740,0,-6741
6740,0,-6741
6740,0,-6741
6740,0,-6741
6740,0,-6741
6740,0,-6741
6740,0,-6741
6740,0,-6741
6740,0,-6741
6740,0,-6741
6740,0,-6741
6740,0,-6741
6740,0,-6741
6740,0,-6741
6740,0,-6741
6740,0,-6741
6740,0,-6741
6740,0,-6741
6740,0,-6741
6740,0,-6741
6740,0,-6741
6732,0,-6733
6709,0,-6710
6670,0,-6671
6618,0,-6619
6551,0,-6552
6472,0,-6473
6381,0,-6382
6278,0,-6279
6164,0,-6165
6039,0,-6040
5905,0,-5906
5762,0,-5763
5610,0,-5611
5451,0,-5452
5284,0,-5285
5111,0,-5112
4932,0,-4933
4748,0,-4749
4560,0,-4561
4367,0,-4368
4172,0,-4173
3974,0,-3975
3773,0,-3774
3572,0,-3573
3370,0,-3371
3168,0,-3169
2966,0,-2967
2766,0,-2767
2568,0,-2569
2372,0,-2373
2180,0,-2181
1991,0,-1992
1807,0,-1808
1628,0,-1629
1455,0,-1456
1289,0,-1290
1130,0,-1131
978,0,-979
835,0,-836
701,0,-702
576,0,-577
462,0,-463
359,0,-360
267,0,-268
188,0,-189
122,0,-123
69,0,-70
31,0,-32
7,0,-8
0,0,-0
0,0,-0
0,0,-0
0,0,-0
0,0,-0
0,0,-0
0,0,-0
0,0,-0
0,0,-0
0,0,-0
0,0,-0
0,0,-0
0,0,-0
0,0,-0
0,0,-0
0,0,-0
0,0,-0
0,0,-0
0,0,-0
0,0,-0
0,0,-0
0,0,-0
0,0,-0
0,0,-0
0,0,-0
0,0,-0
0,0,-0
0,0,-0
0,0,-0
0,0,-0
0,0,-0
0,0,-0
0,0,-0
0,0,-0
0,0,-0
0,0,-0
0,0,-0
0,0,-0
0,0,-0
0,0,-0
0,0,-0
0,0,-0
0,0,-0
0,0,-0
0,0,-0
0,0,-0
0,0,-0
0,0,-0
0,0,-0
0,0,-0
0,0,-0
0,0,-0
0,0,-0
0,0,-0
0,0,-0
0,0,-0
0,0,-0
0,0,-0
0,0,-0
0,0,-0
0,0,-0
0,0,-0
0,0,-0
0,0,-0
0,0,-0
0,0,-0
0,0,-0
0,0,-0
0,0,-0
0,0,-0
0,0,-0
0,0,-0
0,0,-0
0,0,-0
0,0,-0
0,0,-0
0,0,-0
0,0,-0
0,0,-0
0,0,-0
0,0,-0
0,0,-0
0,0,-0
0,0,-0
0,0,-0
0,0,-0
0,0,-0
0,0,-0
0,0,-0
0,0,-0
0,0,-0
0,0,-0
0,0,-0
0,0,-0
0,0,-0
0,0,-0
0,0,-0
0,0,-0
0,0,-0
0,0,-0
0,0,-0
0,0,-0
-0,0,0
-8,0,7
-32,0,31
-70,0,69
-123,0,122
-189,0,188
-268,0,267
-360,0,359
-463,0,462
-577,0,576
-702,0,701
-836,0,835
-979,0,978
-1131,0,1130
-1290,0,1289
-1456,0,1455
-1629,0,1628
-1808,0,1807
-1992,0,1991
-2181,0,2180
-2373,0,2372
-2569,0,2568
-2767,0,2766
-2967,0,2966
-3169,0,3168
-3371,0,3370
-3573,0,3572
-3774,0,3773
-3975,0,3974
-4173,0,4172
-4368,0,4367
-4561,0,4560
-4749,0,4748
-4933,0,4932
-5112,0,5111
-5285,0,5284
-5452,0,5451
-5611,0,5610
-5763,0,5762
-5906,0,5905
-6040,0,6039
-6165,0,6164
-6279,0,6278
-6382,0,6381
-6473,0,6472
-6552,0,6551
-6619,0,6618
-6671,0,6670
-6710,0,6709
-6733,0,6732
-6741,0,6740
-6741,0,6740
-6741,0,6740
-6741,0,6740
-6741,0,6740
-6741,0,6740
-6741,0,6740
-6741,0,6740
-6741,0,6740
-6741,0,6740
-6741,0,6740
-6741,0,6740
-6741,0,6740
-6741,0,6740
-6741,0,6740
-6741,0,6740
-6741,0,6740
-6741,0,6740
-6741,0,6740
-6741,0,6740
-6741,0,6740
-6741,0,6740
-6741,0,6740
-6741,0,6740
-6741,0,6740
-6741,0,6740
-6741,0,6740
-6741,0,6740
-6741,0,6740
-6741,0,6740
-6741,0,6740
-6741,0,6740
-6741,0,6740
-6741,0,6740
-6741,0,6740
-6741,0,6740
-6741,0,6740
-6741,0,6740
-6741,0,6740
-6741,0,6740
-6741,0,6740
-6741,0,6740
-6741,0,6740
-6741,0,6740
-6741,0,6740
-6741,0,6740
-6741,0,6740
-6741,0,6740
-6741,0,6740
-6741,0,6740
-6741,0,6740
-6741,0,6740
-6741,0,6740
-6741,0,6740
-6741,0,6740
-6741,0,6740
-6741,0,6740
-6741,0,6740
-6741,0,6740
-6741,0,6740
-6741,0,6740
-6741,0,6740
-6741,0,6740
-6741,0,6740
-6741,0,6740
-6741,0,6740
-6741,0,6740
-6741,0,6740
-6741,0,6740
-6741,0,6740
-6741,0,6740
-6741,0,6740
-6741,0,6740
-6741,0,6740
-6741,0,6740
-6741,0,6740
-6741,0,6740
-6741,0,6740
-6741,0,6740
-6741,0,6740
-6741,0,6740
-6741,0,6740
-6741,0,6740
-6741,0,6740
-6741,0,6740
-6741,0,6740
-6741,0,6740
-6741,0,6740
-6741,0,6740
-6741,0,6740
-6741,0,6740
-6741,0,6740
-6741,0,6740
-6741,0,6740
-6741,0,6740
-6741,0,6740
-6741,0,6740
-6741,0,6740
-6741,0,6740
-6741,0,6740
-6741,0,6740
-6741,0,6740
-6741,0,6740
-6741,0,6740
-6741,0,6740
-6741,0,6740
-6741,0,6740
-6741,0,6740
-6741,0,6740
-6741,0,6740
-6741,0,6740
-6741,0,6740
-6741,0,6740
-6741,0,6740
-6741,0,6740
-6741,0,6740
-6741,0,6740
-6741,0,6740
-6741,0,6740
-6741,0,6740
-6741,0,6740
-6741,0,6740
-6741,0,6740
-6741,0,6740
-6741,0,6740
-6741,0,6740
-6741,0,6740
-6741,0,6740
-6741,0,6740
-6741,0,6740
-6741,0,6740
-6741,0,6740
-6741,0,6740
-6741,0,6740
-6741,0,6740
-6741,0,6740
-6741,0,6740
-6741,0,6740
-6741,0,6740
-6741,0,6740
-6741,0,6740
-6741,0,6740
-6741,0,6740
-6741,0,6740
-6741,0,6740
-6741,0,6740
-6741,0,6740
-6741,0,6740
-6741,0,6740
-6741,0,6740
-6741,0,6740
-6741,0,6740
-6741,0,6740
-6741,0,6740
-6741,0,6740
-6741,0,6740
-6741,0,6740
-6741,0,6740
-6741,0,6740
-6741,0,6740
-6741,0,6740
-6741,0,6740
-6741,0,6740
-6741,0,6740
-6741,0,6740
-6741,0,6740
-6741,0,6740
-6741,0,6740
-6741,0,6740
-6741,0,6740
-6741,0,6740
-6741,0,6740
-6741,0,6740
-6741,0,6740
-6741,0,6740
-6741,0,6740
-6741,0,6740
-6741,0,6740
-6741,0,6740
-6741,0,6740
-6741,0,6740
-6741,0,6740
-6741,0,6740
-6741,0,6740
-6741,0,6740
-6741,0,6740
-6741,0,6740
-6741,0,6740
-6741,0,6740
-6741,0,6740
-6741,0,6740
-6741,0,6740
-6741,0,6740
-6741,0,6740
-6741,0,6740
-6741,0,6740
-6741,0,6740
-6741,0,6740
-6741,0,6740
-6741,0,6740
-6741,0,6740
-6741,0,6740
-6741,0,6740
-6741,0,6740
-6741,0,6740
-6741,0,6740
-6741,0,6740
-6741,0,6740
-6741,0,6740
-6741,0,6740
-6741,0,6740
-6741,0,6740
-6741,0,6740
-6741,0,6740
-6741,0,6740
-6741,0,6740
-6741,0,6740
-6741,0,6740
-6741,0,6740
-6741,0,6740
-6741,0,6740
-6741,0,6740
-6741,0,6740
-6741,0,6740
-6741,0,6740
-6741,0,6740
-6741,0,6740
-6741,0,6740
-6741,0,6740
-6741,0,6740
-6741,0,6740
-6741,0,6740
-6741,0,6740
-6741,0,6740
-6741,0,6740
-6741,0,6740
-6741,0,6740
-6741,0,6740
-6741,0,6740
-6741,0,6740
-6741,0,6740
-6741,0,6740
-6741,0,6740
-6741,0,6740
-6741,0,6740
-6741,0,6740
-6741,0,6740
-6741,0,6740
-6741,0,6740
-6741,0,6740
-6741,0,6740
-6741,0,6740
-6741,0,6740
-6741,0,6740
-6741,0,6740
-6741,0,6740
-6741,0,6740
-6741,0,6740
-6741,0,6740
-6741,0,6740
-6741,0,6740
-6741,0,6740
-6741,0,6740
-6741,0,6740
-6741,0,6740
-6741,0,6740
-6741,0,6740
-6741,0,6740
-6741,0,6740
-6741,0,6740
-6741,0,6740
-6741,0,6740
-6741,0,6740
-6741,0,6740
-6741,0,6740
-6741,0,6740
-6741,0,6740
-6741,0,6740
-6741,0,6740
-6741,0,6740
-6741,0,6740
-6741,0,6740
-6741,0,6740
-6741,0,6740
-6741,0,6740
-6741,0,6740
-6741,0,6740
-6741,0,6740
-6741,0,6740
-6741,0,6740
-6741,0,6740
-6741,0,6740
-6741,0,6740
-6741,0,6740
-6741,0,6740
-6741,0,6740
-6741,0,6740
-6741,0,6740
-6741,0,6740
-6741,0,6740
-6741,0,6740
-6733,0,6732
-6710,0,6709
-6671,0,6670
-6619,0,6618
-6552,0,6551
-6473,0,6472
-6382,0,6381
-6279,0,6278
-6165,0,6164
-6040,0,6039
-5906,0,5905
-5763,0,5762
-5611,0,5610
-5452,0,5451
-5285,0,5284
-5112,0,5111
-4933,0,4932
-4749,0,4748
-4561,0,4560
-4368,0,4367
-4173,0,4172
-3975,0,3974
-3774,0,3773
-3573,0,3572
-3371,0,3370
-3169,0,3168
-2967,0,2966
-2767,0,2766
-2569,0,2568
-2373,0,2372
-2181,0,2180
-1992,0,1991
-1808,0,1807
-1629,0,1628
-1456,0,1455
-1290,0,1289
-1131,0,1130
-979,0,978
-836,0,835
-702,0,701
-577,0,576
-463,0,462
-360,0,359
-268,0,267
-189,0,188
-123,0,122
-70,0,69
-32,0,31
-8,0,7
-0,0,0
0,0,-0
0,0,-0
0,0,-0
0,0,-0
0,0,-0
0,0,-0
0,0,-0
0,0,-0
0,0,-0
0,0,-0
0,0,-0
0,0,-0
0,0,-0
0,0,-0
0,0,-0
0,0,-0
0,0,-0
0,0,-0
0,0,-0
0,0,-0
0,0,-0
0,0,-0
0,0,-0
0,0,-0
0,0,-0
0,0,-0
0,0,-0
0,0,-0
0,0,-0
0,0,-0
0,0,-0
0,0,-0
0,0,-0
0,0,-0
0,0,-0
0,0,-0
0,0,-0
0,0,-0
0,0,-0
0,0,-0
0,0,-0
0,0,-0
0,0,-0
0,0,-0
0,0,-0
0,0,-0
0,0,-0
0,0,-0
0,0,-0
0,0,-0
0,0,-0
0,0,-0
0,0,-0
0,0,-0
0,0,-0
0,0,-0
0,0,-0
0,0,-0
0,0,-0
0,0,-0
0,0,-0
0,0,-0
0,0,-0
0,0,-0
0,0,-0
0,0,-0
0,0,-0
0,0,-0
0,0,-0
0,0,-0
0,0,-0
0,0,-0
0,0,-0
0,0,-0
0,0,-0
0,0,-0
0,0,-0
0,0,-0
0,0,-0
0,0,-0
0,0,-0
0,0,-0
0,0,-0
0,0,-0
0,0,-0
0,0,-0
0,0,-0
0,0,-0
0,0,-0
0,0,-0
0,0,-0
0,0,-0
0,0,-0
0,0,-0
0,0,-0
0,0,-0
0,0,-0
0,0,-0
0,0,-0
0,0,-0
0,0,-0
0,-0,0
0,-0,0
0,-0,0
0,-0,0
0,-0,0
0,-0,0
0,-0,0
0,-0,0
0,-0,0
0,-0,0
0,-0,0
0,-0,0
0,-0,0
0,-0,0
0,-0,0
0,-0,0
0,-0,0
0,-0,0
0,-0,0
0,-0,0
0,-0,0
0,-0,0
0,-0,0
0,-0,0
0,-0,0
0,-0,0
0,-0,0
0,-0,0
0,-0,0
0,-0,0
0,-0,0
0,-0,0
0,-0,0
0,-0,0
0,-0,0
0,-0,0
0,-0,0
0,-0,0
0,-0,0
0,-0,0
0,-0,0
0,-0,0
0,-0,0
0,-0,0
0,-0,0
0,-0,0
0,-0,0
0,-0,0
0,-0,0
0,-0,0
0,-0,0
0,-0,0
0,-0,0
0,-0,0
0,-0,0
0,-0,0
0,-0,0
0,-0,0
0,-0,0
0,-0,0
0,-0,0
0,-0,0
0,-0,0
0,-0,0
0,-0,0
0,-0,0
0,-0,0
0,-0,0
0,-0,0
0,-0,0
0,-0,0
0,-0,0
0,-0,0
0,-0,0
0,-0,0
0,-0,0
0,-0,0
0,-0,0
0,-0,0
0,-0,0
0,-0,0
0,-0,0
0,-0,0
0,-0,0
0,-0,0
0,-0,0
0,-0,0
0,-0,0
0,-0,0
0,-0,0
0,-0,0
0,-0,0
0,-0,0
0,-0,0
0,-0,0
0,-0,0
0,-0,0
0,-0,0
0,-0,0
0,-0,0
0,-0,0
0,-0,0
0,-8,7
0,-32,31
0,-70,69
0,-123,122
0,-189,188
0,-268,267
0,-360,359
0,-463,462
0,-577,576
0,-702,701
0,-836,835
0,-979,978
0,-1131,1130
0,-1290,1289
0,-1456,1455
0,-1629,1628
0,-1808,1807
0,-1992,1991
0,-2181,2180
0,-2373,2372
0,-2569,2568
0,-2767,2766
0,-2967,2966
0,-3169,3168
0,-3371,3370
0,-3573,3572
0,-3774,3773
0,-3975,3974
0,-4173,4172
0,-4368,4367
0,-4561,4560
0,-4749,4748
0,-4933,4932
0,-5112,5111
0,-5285,5284
0,-5452,5451
0,-5611,5610
0,-5763,5762
0,-5906,5905
0,-6040,6039
0,-6165,6164
0,-6279,6278
0,-6382,6381
0,-6473,6472
0,-6552,6551
0,-6619,6618
0,-6671,6670
0,-6710,6709
0,-6733,6732
0,-6741,6740
0,-6741,6740
0,-6741,6740
0,-6741,6740
0,-6741,6740
0,-6741,6740
0,-6741,6740
0,-6741,6740
0,-6741,6740
0,-6741,6740
0,-6741,6740
0,-6741,6740
0,-6741,6740
0,-6741,6740
0,-6741,6740
0,-6741,6740
0,-6741,6740
0,-6741,6740
0,-6741,6740
0,-6741,6740
0,-6741,6740
0,-6741,6740
0,-6741,6740
0,-6741,6740
0,-6741,6740
0,-6741,6740
0,-6741,6740
0,-6741,6740
0,-6741,6740
0,-6741,6740
0,-6741,6740
0,-6741,6740
0,-6741,6740
0,-6741,6740
0,-6741,6740
0,-6741,6740
0,-6741,6740
0,-6741,6740
0,-6741,6740
0,-6741,6740
0,-6741,6740
0,-6741,6740
0,-6741,6740
0,-6741,6740
0,-6741,6740
0,-6741,6740
0,-6741,6740
0,-6741,6740
0,-6741,6740
0,-6741,6740
0,-6741,6740
0,-6741,6740
0,-6741,6740
0,-6741,6740
0,-6741,6740
0,-6741,6740
0,-6741,6740
0,-6741,6740
0,-6741,6740
0,-6741,6740
0,-6741,6740
0,-6741,6740
0,-6741,6740
0,-6741,6740
0,-6741,6740
0,-6741,6740
0,-6741,6740
0,-6741,6740
0,-6741,6740
0,-6741,6740
0,-6741,6740
0,-6741,6740
0,-6741,6740
0,-6741,6740
0,-6741,6740
0,-6741,6740
0,-6741,6740
0,-6741,6740
0,-6741,6740
0,-6741,6740
0,-6741,6740
0,-6741,6740
0,-6741,6740
0,-6741,6740
0,-6741,6740
0,-6741,6740
0,-6741,6740
0,-6741,6740
0,-6741,6740
0,-6741,6740
0,-6741,6740
0,-6741,6740
0,-6741,6740
0,-6741,6740
0,-6741,6740
0,-6741,6740
0,-6741,6740
0,-6741,6740
0,-6741,6740
0,-6741,6740
0,-6741,6740
0,-6741,6740
0,-6741,6740
0,-6741,6740
0,-6741,6740
0,-6741,6740
0,-6741,6740
0,-6741,6740
0,-6741,6740
0,-6741,6740
0,-6741,6740
0,-6741,6740
0,-6741,6740
0,-6741,6740
0,-6741,6740
0,-6741,6740
0,-6741,6740
0,-6741,6740
0,-6741,6740
0,-6741,6740
0,-6741,6740
0,-6741,6740
0,-6741,6740
0,-6741,6740
0,-6741,6740
0,-6741,6740
0,-6741,6740
0,-6741,6740
0,-6741,6740
0,-6741,6740
0,-6741,6740
0,-6741,6740
0,-6741,6740
0,-6741,6740
0,-6741,6740
0,-6741,6740
0,-6741,6740
0,-6741,6740
0,-6741,6740
0,-6741,6740
0,-6741,6740
0,-6741,6740
0,-6741,6740
0,-6741,6740
0,-6741,6740
0,-6741,6740
0,-6741,6740
0,-6741,6740
0,-6741,6740
0,-6741,6740
0,-6741,6740
0,-6741,6740
0,-6741,6740
0,-6741,6740
0,-6741,6740
0,-6741,6740
0,-6741,6740
0,-6741,6740
0,-6741,6740
0,-6741,6740
0,-6741,6740
0,-6741,6740
0,-6741,6740
0,-6741,6740
0,-6741,6740
0,-6741,6740
0,-6741,6740
0,-6741,6740
0,-6741,6740
0,-6741,6740
0,-6741,6740
0,-6741,6740
0,-6741,6740
0,-6741,6740
0,-6741,6740
0,-6741,6740
0,-6741,6740
0,-6741,6740
0,-6741,6740
0,-6741,6740
0,-6741,6740
0,-6741,6740
0,-6741,6740
0,-6741,6740
0,-6741,6740
0,-6741,6740
0,-6741,6740
0,-6741,6740
0,-6741,6740
0,-6741,6740
0,-6741,6740
0,-6741,6740
0,-6741,6740
0,-6741,6740
0,-6741,6740
0,-6741,6740
0,-6741,6740
0,-6741,6740
0,-6741,6740
0,-6741,6740
0,-6741,6740
0,-6741,6740
0,-6741,6740
0,-6741,6740
0,-6741,6740
0,-6741,6740
0,-6741,6740
0,-6741,6740
0,-6741,6740
0,-6741,6740
0,-6741,6740
0,-6741,6740
0,-6741,6740
0,-6741,6740
0,-6741,6740
0,-6741,6740
0,-6741,6740
0,-6741,6740
0,-6741,6740
0,-6741,6740
0,-6741,6740
0,-6741,6740
0,-6741,6740
0,-6741,6740
0,-6741,6740
0,-6741,6740
0,-6741,6740
0,-6741,6740
0,-6741,6740
0,-6741,6740
0,-6741,6740
0,-6741,6740
0,-6741,6740
0,-6741,6740
0,-6741,6740
0,-6741,6740
0,-6741,6740
0,-6741,6740
0,-6741,6740
0,-6741,6740
0,-6741,6740
0,-6741,6740
0,-6741,6740
0,-6741,6740
0,-6741,6740
0,-6741,6740
0,-6741,6740
0,-6741,6740
0,-6741,6740
0,-6741,6740
0,-6741,6740
0,-6741,6740
0,-6741,6740
0,-6741,6740
0,-6741,6740
0,-6741,6740
0,-6741,6740
0,-6741,6740
0,-6741,6740
0,-6741,6740
0,-6741,6740
0,-6741,6740
0,-6741,6740
0,-6741,6740
0,-6741,6740
0,-6741,6740
0,-6741,6740
0,-6741,6740
0,-6741,6740
0,-6741,6740
0,-6741,6740
0,-6741,6740
0,-6741,6740
0,-6741,6740
0,-6741,6740
0,-6741,6740
0,-6741,6740
0,-6741,6740
0,-6741,6740
0,-6741,6740
0,-6741,6740
0,-6741,6740
0,-6741,6740
0,-6741,6740
0,-6741,6740
0,-6741,6740
0,-6741,6740
0,-6741,6740
0,-6741,6740
0,-6741,6740
0,-6741,6740
0,-6741,6740
0,-6741,6740
0,-6741,6740
0,-6741,6740
0,-6741,6740
0,-6741,6740
0,-6741,6740
0,-6741,6740
0,-6741,6740
0,-6741,6740
0,-6733,6732
0,-6710,6709
0,-6671,6670
0,-6619,6618
0,-6552,6551
0,-6473,6472
0,-6382,6381
0,-6279,6278
0,-6165,6164
0,-6040,6039
0,-5906,5905
0,-5763,5762
0,-5611,5610
0,-5452,5451
0,-5285,5284
0,-5112,5111
0,-4933,4932
0,-4749,4748
0,-4561,4560
0,-4368,4367
0,-4173,4172
0,-3975,3974
0,-3774,3773
0,-3573,3572
0,-3371,3370
0,-3169,3168
0,-2967,2966
0,-2767,2766
0,-2569,2568
0,-2373,2372
0,-2181,2180
0,-1992,1991
0,-1808,1807
0,-1629,1628
0,-1456,1455
0,-1290,1289
0,-1131,1130
0,-979,978
0,-836,835
0,-702,701
0,-577,576
0,-463,462
0,-360,359
0,-268,267
0,-189,188
0,-123,122
0,-70,69
0,-32,31
0,-8,7
0,-0,0
0,-0,0
0,-0,0
0,-0,0
0,-0,0
0,-0,0
0,-0,0
0,-0,0
0,-0,0
0,-0,0
0,-0,0
0,-0,0
0,-0,0
0,-0,0
0,-0,0
0,-0,0
0,-0,0
0,-0,0
0,-0,0
0,-0,0
0,-0,0
0,-0,0
0,-0,0
0,-0,0
0,-0,0
0,-0,0
0,-0,0
0,-0,0
0,-0,0
0,-0,0
0,-0,0
0,-0,0
0,-0,0
0,-0,0
0,-0,0
0,-0,0
0,-0,0
0,-0,0
0,-0,0
0,-0,0
0,-0,0
0,-0,0
0,-0,0
0,-0,0
0,-0,0
0,-0,0
0,-0,0
0,-0,0
0,-0,0
0,-0,0
0,-0,0
0,-0,0
0,-0,0
0,-0,0
0,-0,0
0,-0,0
0,-0,0
0,-0,0
0,-0,0
0,-0,0
0,-0,0
0,-0,0
0,-0,0
0,-0,0
0,-0,0
0,-0,0
0,-0,0
0,-0,0
0,-0,0
0,-0,0
0,-0,0
0,-0,0
0,-0,0
0,-0,0
0,-0,0
0,-0,0
0,-0,0
0,-0,0
0,-0,0
0,-0,0
0,-0,0
0,-0,0
0,-0,0
0,-0,0
0,-0,0
0,-0,0
0,-0,0
0,-0,0
0,-0,0
0,-0,0
0,-0,0
0,-0,0
0,-0,0
0,-0,0
0,-0,0
0,-0,0
0,-0,0
0,-0,0
0,-0,0
0,-0,0
0,-0,0
0,-0,0
0,0,-0
0,7,-8
0,31,-32
0,69,-70
0,122,-123
0,188,-189
0,267,-268
0,359,-360
0,462,-463
0,576,-577
0,701,-702
0,835,-836
0,978,-979
0,1130,-1131
0,1289,-1290
0,1455,-1456
0,1628,-1629
0,1807,-1808
0,1991,-1992
0,2180,-2181
0,2372,-2373
0,2568,-2569
0,2766,-2767
0,2966,-2967
0,3168,-3169
0,3370,-3371
0,3572,-3573
0,3773,-3774
0,3974,-3975
0,4172,-4173
0,4367,-4368
0,4560,-4561
0,4748,-4749
0,4932,-4933
0,5111,-5112
0,5284,-5285
0,5451,-5452
0,5610,-5611
0,5762,-5763
0,5905,-5906
0,6039,-6040
0,6164,-6165
0,6278,-6279
0,6381,-6382
0,6472,-6473
0,6551,-6552
0,6618,-6619
0,6670,-6671
0,6709,-6710
0,6732,-6733
0,6740,-6741
0,6740,-6741
0,6740,-6741
0,6740,-6741
0,6740,-6741
0,6740,-6741
0,6740,-6741
0,6740,-6741
0,6740,-6741
0,6740,-6741
0,6740,-6741
0,6740,-6741
0,6740,-6741
0,6740,-6741
0,6740,-6741
0,6740,-6741
0,6740,-6741
0,6740,-6741
0,6740,-6741
0,6740,-6741
0,6740,-6741
0,6740,-6741
0,6740,-6741
0,6740,-6741
0,6740,-6741
0,6740,-6741
0,6740,-6741
0,6740,-6741
0,6740,-6741
0,6740,-6741
0,6740,-6741
0,6740,-6741
0,6740,-6741
0,6740,-6741
0,6740,-6741
0,6740,-6741
0,6740,-6741
0,6740,-6741
0,6740,-6741
0,6740,-6741
0,6740,-6741
0,6740,-6741
0,6740,-6741
0,6740,-6741
0,6740,-6741
0,6740,-6741
0,6740,-6741
0,6740,-6741
0,6740,-6741
0,6740,-6741
0,6740,-6741
0,6740,-6741
0,6740,-6741
0,6740,-6741
0,6740,-6741
0,6740,-6741
0,6740,-6741
0,6740,-6741
0,6740,-6741
0,6740,-6741
0,6740,-6741
0,6740,-6741
0,6740,-6741
0,6740,-6741
0,6740,-6741
0,6740,-6741
0,6740,-6741
0,6740,-6741
0,6740,-6741
0,6740,-6741
0,6740,-6741
0,6740,-6741
0,6740,-6741
0,6740,-6741
0,6740,-6741
0,6740,-6741
0,6740,-6741
0,6740,-6741
0,6740,-6741
0,6740,-6741
0,6740,-6741
0,6740,-6741
0,6740,-6741
0,6740,-6741
0,6740,-6741
0,6740,-6741
0,6740,-6741
0,6740,-6741
0,6740,-6741
0,6740,-6741
0,6740,-6741
0,6740,-6741
0,6740,-6741
0,6740,-6741
0,6740,-6741
0,6740,-6741
0,6740,-6741
0,6740,-6741
0,6740,-6741
0,6740,-6741
0,6740,-6741
0,6740,-6741
0,6740,-6741
0,6740,-6741
0,6740,-6741
0,6740,-6741
0,6740,-6741
0,6740,-6741
0,6740,-6741
0,6740,-6741
0,6740,-6741
0,6740,-6741
0,6740,-6741
0,6740,-6741
0,6740,-6741
0,6740,-6741
0,6740,-6741
0,6740,-6741
0,6740,-6741
0,6740,-6741
0,6740,-6741
0,6740,-6741
0,6740,-6741
0,6740,-6741
0,6740,-6741
0,6740,-6741
0,6740,-6741
0,6740,-6741
0,6740,-6741
0,6740,-6741
0,6740,-6741
0,6740,-6741
0,6740,-6741
0,6740,-6741
0,6740,-6741
0,6740,-6741
0,6740,-6741
0,6740,-6741
0,6740,-6741
0,6740,-6741
0,6740,-6741
0,6740,-6741
0,6740,-6741
0,6740,-6741
0,6740,-6741
0,6740,-6741
0,6740,-6741
0,6740,-6741
0,6740,-6741
0,6740,-6741
0,6740,-6741
0,6740,-6741
0,6740,-6741
0,6740,-6741
0,6740,-6741
0,6740,-6741
0,6740,-6741
0,6740,-6741
0,6740,-6741
0,6740,-6741
0,6740,-6741
0,6740,-6741
0,6740,-6741
0,6740,-6741
0,6740,-6741
0,6740,-6741
0,6740,-6741
0,6740,-6741
0,6740,-6741
0,6740,-6741
0,6740,-6741
0,6740,-6741
0,6740,-6741
0,6740,-6741
0,6740,-6741
0,6740,-6741
0,6740,-6741
0,6740,-6741
0,6740,-6741
0,6740,-6741
0,6740,-6741
0,6740,-6741
0,6740,-6741
0,6740,-6741
0,6740,-6741
0,6740,-6741
0,6740,-6741
0,6740,-6741
0,6740,-6741
0,6740,-6741
0,6740,-6741
0,6740,-6741
0,6740,-6741
0,6740,-6741
0,6740,-6741
0,6740,-6741
0,6740,-6741
0,6740,-6741
0,6740,-6741
0,6740,-6741
0,6740,-6741
0,6740,-6741
0,6740,-6741
0,6740,-6741
0,6740,-6741
0,6740,-6741
0,6740,-6741
0,6740,-6741
0,6740,-6741
0,6740,-6741
0,6740,-6741
0,6740,-6741
0,6740,-6741
0,6740,-6741
0,6740,-6741
0,6740,-6741
0,6740,-6741
0,6740,-6741
0,6740,-6741
0,6740,-6741
0,6740,-6741
0,6740,-6741
0,6740,-6741
0,6740,-6741
0,6740,-6741
0,6740,-6741
0,6740,-6741
0,6740,-6741
0,6740,-6741
0,6740,-6741
0,6740,-6741
0,6740,-6741
0,6740,-6741
0,6740,-6741
0,6740,-6741
0,6740,-6741
0,6740,-6741
0,6740,-6741
0,6740,-6741
0,6740,-6741
0,6740,-6741
0,6740,-6741
0,6740,-6741
0,6740,-6741
0,6740,-6741
0,6740,-6741
0,6740,-6741
0,6740,-6741
0,6740,-6741
0,6740,-6741
0,6740,-6741
0,6740,-6741
0,6740,-6741
0,6740,-6741
0,6740,-6741
0,6740,-6741
0,6740,-6741
0,6740,-6741
0,6740,-6741
0,6740,-6741
0,6740,-6741
0,6740,-6741
0,6740,-6741
0,6740,-6741
0,6740,-6741
0,6740,-6741
0,6740,-6741
0,6740,-6741
0,6740,-6741
0,6740,-6741
0,6740,-6741
0,6740,-6741
0,6740,-6741
0,6740,-6741
0,6740,-6741
0,6740,-6741
0,6740,-6741
0,6740,-6741
0,6740,-6741
0,6740,-6741
0,6740,-6741
0,6740,-6741
0,6740,-6741
0,6740,-6741
0,6740,-6741
0,6740,-6741
0,6740,-6741
0,6740,-6741
0,6740,-6741
0,6740,-6741
0,6740,-6741
0,6740,-6741
0,6740,-6741
0,6740,-6741
0,6740,-6741
0,6740,-6741
0,6740,-6741
0,6740,-6741
0,6740,-6741
0,6740,-6741
0,6740,-6741
0,6732,-6733
0,6709,-6710
0,6670,-6671
0,6618,-6619
0,6551,-6552
0,6472,-6473
0,6381,-6382
0,6278,-6279
0,6164,-6165
0,6039,-6040
0,5905,-5906
0,5762,-5763
0,5610,-5611
0,5451,-5452
0,5284,-5285
0,5111,-5112
0,4932,-4933
0,4748,-4749
0,4560,-4561
0,4367,-4368
0,4172,-4173
0,3974,-3975
0,3773,-3774
0,3572,-3573
0,3370,-3371
0,3168,-3169
0,2966,-2967
0,2766,-2767
0,2568,-2569
0,2372,-2373
0,2180,-2181
0,1991,-1992
0,1807,-1808
0,1628,-1629
0,1455,-1456
0,1289,-1290
0,1130,-1131
0,978,-979
0,835,-836
0,701,-702
0,576,-577
0,462,-463
0,359,-360
0,267,-268
0,188,-189
0,122,-123
0,69,-70
0,31,-32
0,7,-8
0,0,-0
0,-0,0
0,-0,0
0,-0,0
0,-0,0
0,-0,0
0,-0,0
0,-0,0
0,-0,0
0,-0,0
0,-0,0
0,-0,0
0,-0,0
0,-0,0
0,-0,0
0,-0,0
0,-0,0
0,-0,0
0,-0,0
0,-0,0
0,-0,0
0,-0,0
0,-0,0
0,-0,0
0,-0,0
0,-0,0
0,-0,0
0,-0,0
0,-0,0
0,-0,0
0,-0,0
0,-0,0
0,-0,0
0,-0,0
0,-0,0
0,-0,0
0,-0,0
0,-0,0
0,-0,0
0,-0,0
0,-0,0
0,-0,0
0,-0,0
0,-0,0
0,-0,0
0,-0,0
0,-0,0
0,-0,0
0,-0,0
0,-0,0
0,-0,0
0,-0,0
0,-0,0
0,-0,0
0,-0,0
0,-0,0
0,-0,0
0,-0,0
0,-0,0
0,-0,0
0,-0,0
0,-0,0
0,-0,0
0,-0,0
0,-0,0
0,-0,0
0,-0,0
0,-0,0
0,-0,0
0,-0,0
0,-0,0
0,-0,0
0,-0,0
0,-0,0
0,-0,0
0,-0,0
0,-0,0
0,-0,0
0,-0,0
0,-0,0
0,-0,0
0,-0,0
0,-0,0
0,-0,0
0,-0,0
0,-0,0
0,-0,0
0,-0,0
0,-0,0
0,-0,0
0,-0,0
0,-0,0
0,-0,0
0,-0,0
0,-0,0
0,-0,0
0,-0,0
0,-0,0
0,-0,0
0,-0,0
0,-0,0
0,-0,0
-0,0,0
-0,0,0
-0,0,0
-0,0,0
-0,0,0
-0,0,0
-0,0,0
-0,0,0
-0,0,0
-0,0,0
-0,0,0
-0,0,0
-0,0,0
-0,0,0
-0,0,0
-0,0,0
-0,0,0
-0,0,0
-0,0,0
-0,0,0
-0,0,0
-0,0,0
-0,0,0
-0,0,0
-0,0,0
-0,0,0
-0,0,0
-0,0,0
-0,0,0
-0,0,0
-0,0,0
-0,0,0
-0,0,0
-0,0,0
-0,0,0
-0,0,0
-0,0,0
-0,0,0
-0,0,0
-0,0,0
-0,0,0
-0,0,0
-0,0,0
-0,0,0
-0,0,0
-0,0,0
-0,0,0
-0,0,0
-0,0,0
-0,0,0
-0,0,0
-0,0,0
-0,0,0
-0,0,0
-0,0,0
-0,0,0
-0,0,0
-0,0,0
-0,0,0
-0,0,0
-0,0,0
-0,0,0
-0,0,0
-0,0,0
-0,0,0
-0,0,0
-0,0,0
-0,0,0
-0,0,0
-0,0,0
-0,0,0
-0,0,0
-0,0,0
-0,0,0
-0,0,0
-0,0,0
-0,0,0
-0,0,0
-0,0,0
-0,0,0
-0,0,0
-0,0,0
-0,0,0
-0,0,0
-0,0,0
-0,0,0
-0,0,0
-0,0,0
-0,0,0
-0,0,0
-0,0,0
-0,0,0
-0,0,0
-0,0,0
-0,0,0
-0,0,0
-0,0,0
-0,0,0
-0,0,0
-0,0,0
-0,0,0
-0,0,0
-8,7,0
-32,31,0
-70,69,0
-123,122,0
-189,188,0
-268,267,0
-360,359,0
-463,462,0
-577,576,0
-702,701,0
-836,835,0
-979,978,0
-1131,1130,0
-1290,1289,0
-1456,1455,0
-1629,1628,0
-1808,1807,0
-1992,1991,0
-2181,2180,0
-2373,2372,0
-2569,2568,0
-2767,2766,0
-2967,2966,0
-3169,3168,0
-3371,3370,0
-3573,3572,0
-3774,3773,0
-3975,3974,0
-4173,4172,0
-4368,4367,0
-4561,4560,0
-4749,4748,0
-4933,4932,0
-5112,5111,0
-5285,5284,0
-5452,5451,0
-5611,5610,0
-5763,5762,0
-5906,5905,0
-6040,6039,0
-6165,6164,0
-6279,6278,0
-6382,6381,0
-6473,6472,0
-6552,6551,0
-6619,6618,0
-6671,6670,0
-6710,6709,0
-6733,6732,0
-6741,6740,0
-6741,6740,0
-6741,6740,0
-6741,6740,0
-6741,6740,0
-6741,6740,0
-6741,6740,0
-6741,6740,0
-6741,6740,0
-6741,6740,0
-6741,6740,0
-6741,6740,0
-6741,6740,0
-6741,6740,0
-6741,6740,0
-6741,6740,0
-6741,6740,0
-6741,6740,0
-6741,6740,0
-6741,6740,0
-6741,6740,0
-6741,6740,0
-6741,6740,0
-6741,6740,0
-6741,6740,0
-6741,6740,0
-6741,6740,0
-6741,6740,0
-6741,6740,0
-6741,6740,0
-6741,6740,0
-6741,6740,0
-6741,6740,0
-6741,6740,0
-6741,6740,0
-6741,6740,0
-6741,6740,0
-6741,6740,0
-6741,6740,0
-6741,6740,0
-6741,6740,0
-6741,6740,0
-6741,6740,0
-6741,6740,0
-6741,6740,0
-6741,6740,0
-6741,6740,0
-6741,6740,0
-6741,6740,0
-6741,6740,0
-6741,6740,0
-6741,6740,0
-6741,6740,0
-6741,6740,0
-6741,6740,0
-6741,6740,0
-6741,6740,0
-6741,6740,0
-6741,6740,0
-6741,6740,0
-6741,6740,0
-6741,6740,0
-6741,6740,0
-6741,6740,0
-6741,6740,0
-6741,6740,0
-6741,6740,0
-6741,6740,0
-6741,6740,0
-6741,6740,0
-6741,6740,0
-6741,6740,0
-6741,6740,0
-6741,6740,0
-6741,6740,0
-6741,6740,0
-6741,6740,0
-6741,6740,0
-6741,6740,0
-6741,6740,0
-6741,6740,0
-6741,6740,0
-6741,6740,0
-6741,6740,0
-6741,6740,0
-6741,6740,0
-6741,6740,0
-6741,6740,0
-6741,6740,0
-6741,6740,0
-6741,6740,0
-6741,6740,0
-6741,6740,0
-6741,6740,0
-6741,6740,0
-6741,6740,0
-6741,6740,0
-6741,6740,0
-6741,6740,0
-6741,6740,0
-6741,6740,0
-6741,6740,0
-6741,6740,0
-6741,6740,0
-6741,6740,0
-6741,6740,0
-6741,6740,0
-6741,6740,0
-6741,6740,0
-6741,6740,0
-6741,6740,0
-6741,6740,0
-6741,6740,0
-6741,6740,0
-6741,6740,0
-6741,6740,0
-6741,6740,0
-6741,6740,0
-6741,6740,0
-6741,6740,0
-6741,6740,0
-6741,6740,0
-6741,6740,0
-6741,6740,0
-6741,6740,0
-6741,6740,0
-6741,6740,0
-6741,6740,0
-6741,6740,0
-6741,6740,0
-6741,6740,0
-6741,6740,0
-6741,6740,0
-6741,6740,0
-6741,6740,0
-6741,6740,0
-6741,6740,0
-6741,6740,0
-6741,6740,0
-6741,6740,0
-6741,6740,0
-6741,6740,0
-6741,6740,0
-6741,6740,0
-6741,6740,0
-6741,6740,0
-6741,6740,0
-6741,6740,0
-6741,6740,0
-6741,6740,0
-6741,6740,0
-6741,6740,0
-6741,6740,0
-6741,6740,0
-6741,6740,0
-6741,6740,0
-6741,6740,0
-6741,6740,0
-6741,6740,0
-6741,6740,0
-6741,6740,0
-6741,6740,0
-6741,6740,0
-6741,6740,0
-6741,6740,0
-6741,6740,0
-6741,6740,0
-6741,6740,0
-6741,6740,0
-6741,6740,0
-6741,6740,0
-6741,6740,0
-6741,6740,0
-6741,6740,0
-6741,6740,0
-6741,6740,0
-6741,6740,0
-6741,6740,0
-6741,6740,0
-6741,6740,0
-6741,6740,0
-6741,6740,0
-6741,6740,0
-6741,6740,0
-6741,6740,0
-6741,6740,0
-6741,6740,0
-6741,6740,0
-6741,6740,0
-6741,6740,0
-6741,6740,0
-6741,6740,0
-6741,6740,0
-6741,6740,0
-6741,6740,0
-6741,6740,0
-6741,6740,0
-6741,6740,0
-6741,6740,0
-6741,6740,0
-6741,6740,0
-6741,6740,0
-6741,6740,0
-6741,6740,0
-6741,6740,0
-6741,6740,0
-6741,6740,0
-6741,6740,0
-6741,6740,0
-6741,6740,0
-6741,6740,0
-6741,6740,0
-6741,6740,0
-6741,6740,0
-6741,6740,0
-6741,6740,0
-6741,6740,0
-6741,6740,0
-6741,6740,0
-6741,6740,0
-6741,6740,0
-6741,6740,0
-6741,6740,0
-6741,6740,0
-6741,6740,0
-6741,6740,0
-6741,6740,0
-6741,6740,0
-6741,6740,0
-6741,6740,0
-6741,6740,0
-6741,6740,0
-6741,6740,0
-6741,6740,0
-6741,6740,0
-6741,6740,0
-6741,6740,0
-6741,6740,0
-6741,6740,0
-6741,6740,0
-6741,6740,0
-6741,6740,0
-6741,6740,0
-6741,6740,0
-6741,6740,0
-6741,6740,0
-6741,6740,0
-6741,6740,0
-6741,6740,0
-6741,6740,0
-6741,6740,0
-6741,6740,0
-6741,6740,0
-6741,6740,0
-6741,6740,0
-6741,6740,0
-6741,6740,0
-6741,6740,0
-6741,6740,0
-6741,6740,0
-6741,6740,0
-6741,6740,0
-6741,6740,0
-6741,6740,0
-6741,6740,0
-6741,6740,0
-6741,6740,0
-6741,6740,0
-6741,6740,0
-6741,6740,0
-6741,6740,0
-6741,6740,0
-6741,6740,0
-6741,6740,0
-6741,6740,0
-6741,6740,0
-6741,6740,0
-6741,6740,0
-6741,6740,0
-6741,6740,0
-6741,6740,0
-6741,6740,0
-6741,6740,0
-6741,6740,0
-6741,6740,0
-6741,6740,0
-6741,6740,0
-6741,6740,0
-6741,6740,0
-6741,6740,0
-6741,6740,0
-6741,6740,0
-6741,6740,0
-6741,6740,0
-6741,6740,0
-6741,6740,0
-6741,6740,0
-6741,6740,0
-6741,6740,0
-6741,6740,0
-6741,6740,0
-6733,6732,0
-6710,6709,0
-6671,6670,0
-6619,6618,0
-6552,6551,0
-6473,6472,0
-6382,6381,0
-6279,6278,0
-6165,6164,0
-6040,6039,0
-5906,5905,0
-5763,5762,0
-5611,5610,0
-5452,5451,0
-5285,5284,0
-5112,5111,0
-4933,4932,0
-4749,4748,0
-4561,4560,0
-4368,4367,0
-4173,4172,0
-3975,3974,0
-3774,3773,0
-3573,3572,0
-3371,3370,0
-3169,3168,0
-2967,2966,0
-2767,2766,0
-2569,2568,0
-2373,2372,0
-2181,2180,0
-1992,1991,0
-1808,1807,0
-1629,1628,0
-1456,1455,0
-1290,1289,0
-1131,1130,0
-979,978,0
-836,835,0
-702,701,0
-577,576,0
-463,462,0
-360,359,0
-268,267,0
-189,188,0
-123,122,0
-70,69,0
-32,31,0
-8,7,0
-0,0,0
-0,0,0
-0,0,0
-0,0,0
-0,0,0
-0,0,0
-0,0,0
-0,0,0
-0,0,0
-0,0,0
-0,0,0
-0,0,0
-0,0,0
-0,0,0
-0,0,0
-0,0,0
-0,0,0
-0,0,0
-0,0,0
-0,0,0
-0,0,0
-0,0,0
-0,0,0
-0,0,0
-0,0,0
-0,0,0
-0,0,0
-0,0,0
-0,0,0
-0,0,0
-0,0,0
-0,0,0
-0,0,0
-0,0,0
-0,0,0
-0,0,0
-0,0,0
-0,0,0
-0,0,0
-0,0,0
-0,0,0
-0,0,0
-0,0,0
-0,0,0
-0,0,0
-0,0,0
-0,0,0
-0,0,0
-0,0,0
-0,0,0
-0,0,0
-0,0,0
-0,0,0
-0,0,0
-0,0,0
-0,0,0
-0,0,0
-0,0,0
-0,0,0
-0,0,0
-0,0,0
-0,0,0
-0,0,0
-0,0,0
-0,0,0
-0,0,0
-0,0,0
-0,0,0
-0,0,0
-0,0,0
-0,0,0
-0,0,0
-0,0,0
-0,0,0
-0,0,0
-0,0,0
-0,0,0
-0,0,0
-0,0,0
-0,0,0
-0,0,0
-0,0,0
-0,0,0
-0,0,0
-0,0,0
-0,0,0
-0,0,0
-0,0,0
-0,0,0
-0,0,0
-0,0,0
-0,0,0
-0,0,0
-0,0,0
-0,0,0
-0,0,0
-0,0,0
-0,0,0
-0,0,0
-0,0,0
-0,0,0
-0,0,0
0,-0,0
7,-8,0
31,-32,0
69,-70,0
122,-123,0
188,-189,0
267,-268,0
359,-360,0
462,-463,0
576,-577,0
701,-702,0
835,-836,0
978,-979,0
1130,-1131,0
1289,-1290,0
1455,-1456,0
1628,-1629,0
1807,-1808,0
1991,-1992,0
2180,-2181,0
2372,-2373,0
2568,-2569,0
2766,-2767,0
2966,-2967,0
3168,-3169,0
3370,-3371,0
3572,-3573,0
3773,-3774,0
3974,-3975,0
4172,-4173,0
4367,-4368,0
4560,-4561,0
4748,-4749,0
4932,-4933,0
5111,-5112,0
5284,-5285,0
5451,-5452,0
5610,-5611,0
5762,-5763,0
5905,-5906,0
6039,-6040,0
6164,-6165,0
6278,-6279,0
6381,-6382,0
6472,-6473,0
6551,-6552,0
6618,-6619,0
6670,-6671,0
6709,-6710,0
6732,-6733,0
6740,-6741,0
6740,-6741,0
6740,-6741,0
6740,-6741,0
6740,-6741,0
6740,-6741,0
6740,-6741,0
6740,-6741,0
6740,-6741,0
6740,-6741,0
6740,-6741,0
6740,-6741,0
6740,-6741,0
6740,-6741,0
6740,-6741,0
6740,-6741,0
6740,-6741,0
6740,-6741,0
6740,-6741,0
6740,-6741,0
6740,-6741,0
6740,-6741,0
6740,-6741,0
6740,-6741,0
6740,-6741,0
6740,-6741,0
6740,-6741,0
6740,-6741,0
6740,-6741,0
6740,-6741,0
6740,-6741,0
6740,-6741,0
6740,-6741,0
6740,-6741,0
6740,-6741,0
6740,-6741,0
6740,-6741,0
6740,-6741,0
6740,-6741,0
6740,-6741,0
6740,-6741,0
6740,-6741,0
6740,-6741,0
6740,-6741,0
6740,-6741,0
6740,-6741,0
6740,-6741,0
6740,-6741,0
6740,-6741,0
6740,-6741,0
6740,-6741,0
6740,-6741,0
6740,-6741,0
6740,-6741,0
6740,-6741,0
6740,-6741,0
6740,-6741,0
6740,-6741,0
6740,-6741,0
6740,-6741,0
6740,-6741,0
6740,-6741,0
6740,-6741,0
6740,-6741,0
6740,-6741,0
6740,-6741,0
6740,-6741,0
6740,-6741,0
6740,-6741,0
6740,-6741,0
6740,-6741,0
6740,-6741,0
6740,-6741,0
6740,-6741,0
6740,-6741,0
6740,-6741,0
6740,-6741,0
6740,-6741,0
6740,-6741,0
6740,-6741,0
6740,-6741,0
6740,-6741,0
6740,-6741,0
6740,-6741,0
6740,-6741,0
6740,-6741,0
6740,-6741,0
6740,-6741,0
6740,-6741,0
6740,-6741,0
6740,-6741,0
6740,-6741,0
6740,-6741,0
6740,-6741,0
6740,-6741,0
6740,-6741,0
6740,-6741,0
6740,-6741,0
6740,-6741,0
6740,-6741,0
6740,-6741,0
6740,-6741,0
6740,-6741,0
6740,-6741,0
6740,-6741,0
6740,-6741,0
6740,-6741,0
6740,-6741,0
6740,-6741,0
6740,-6741,0
6740,-6741,0
6740,-6741,0
6740,-6741,0
6740,-6741,0
6740,-6741,0
6740,-6741,0
6740,-6741,0
6740,-6741,0
6740,-6741,0
6740,-6741,0
6740,-6741,0
6740,-6741,0
6740,-6741,0
6740,-6741,0
6740,-6741,0
6740,-6741,0
6740,-6741,0
6740,-6741,0
6740,-6741,0
6740,-6741,0
6740,-6741,0
6740,-6741,0
6740,-6741,0
6740,-6741,0
6740,-6741,0
6740,-6741,0
6740,-6741,0
6740,-6741,0
6740,-6741,0
6740,-6741,0
6740,-6741,0
6740,-6741,0
6740,-6741,0
6740,-6741,0
6740,-6741,0
6740,-6741,0
6740,-6741,0
6740,-6741,0
6740,-6741,0
6740,-6741,0
6740,-6741,0
6740,-6741,0
6740,-6741,0
6740,-6741,0
6740,-6741,0
6740,-6741,0
6740,-6741,0
6740,-6741,0
6740,-6741,0
6740,-6741,0
6740,-6741,0
6740,-6741,0
6740,-6741,0
6740,-6741,0
6740,-6741,0
6740,-6741,0
6740,-6741,0
6740,-6741,0
6740,-6741,0
6740,-6741,0
6740,-6741,0
6740,-6741,0
6740,-6741,0
6740,-6741,0
6740,-6741,0
6740,-6741,0
6740,-6741,0
6740,-6741,0
6740,-6741,0
6740,-6741,0
6740,-6741,0
6740,-6741,0
6740,-6741,0
6740,-6741,0
6740,-6741,0
6740,-6741,0
6740,-6741,0
6740,-6741,0
6740,-6741,0
6740,-6741,0
6740,-6741,0
6740,-6741,0
6740,-6741,0
6740,-6741,0
6740,-6741,0
6740,-6741,0
6740,-6741,0
6740,-6741,0
6740,-6741,0
6740,-6741,0
6740,-6741,0
6740,-6741,0
6740,-6741,0
6740,-6741,0
6740,-6741,0
6740,-6741,0
6740,-6741,0
6740,-6741,0
6740,-6741,0
6740,-6741,0
6740,-6741,0
6740,-6741,0
6740,-6741,0
6740,-6741,0
6740,-6741,0
6740,-6741,0
6740,-6741,0
6740,-6741,0
6740,-6741,0
6740,-6741,0
6740,-6741,0
6740,-6741,0
6740,-6741,0
6740,-6741,0
6740,-6741,0
6740,-6741,0
6740,-6741,0
6740,-6741,0
6740,-6741,0
6740,-6741,0
6740,-6741,0
6740,-6741,0
6740,-6741,0
6740,-6741,0
6740,-6741,0
6740,-6741,0
6740,-6741,0
6740,-6741,0
6740,-6741,0
6740,-6741,0
6740,-6741,0
6740,-6741,0
6740,-6741,0
6740,-6741,0
6740,-6741,0
6740,-6741,0
6740,-6741,0
6740,-6741,0
6740,-6741,0
6740,-6741,0
6740,-6741,0
6740,-6741,0
6740,-6741,0
6740,-6741,0
6740,-6741,0
6740,-6741,0
6740,-6741,0
6740,-6741,0
6740,-6741,0
6740,-6741,0
6740,-6741,0
6740,-6741,0
6740,-6741,0
6740,-6741,0
6740,-6741,0
6740,-6741,0
6740,-6741,0
6740,-6741,0
6740,-6741,0
6740,-6741,0
6740,-6741,0
6740,-6741,0
6740,-6741,0
6740,-6741,0
6740,-6741,0
6740,-6741,0
6740,-6741,0
6740,-6741,0
6740,-6741,0
6740,-6741,0
6740,-6741,0
6740,-6741,0
6740,-6741,0
6740,-6741,0
6740,-6741,0
6740,-6741,0
6740,-6741,0
6740,-6741,0
6740,-6741,0
6740,-6741,0
6740,-6741,0
6740,-6741,0
6740,-6741,0
6740,-6741,0
6740,-6741,0
6740,-6741,0
6740,-6741,0
6740,-6741,0
6740,-6741,0
6740,-6741,0
6740,-6741,0
6732,-6733,0
6709,-6710,0
6670,-6671,0
6618,-6619,0
6551,-6552,0
6472,-6473,0
6381,-6382,0
6278,-6279,0
6164,-6165,0
6039,-6040,0
5905,-5906,0
5762,-5763,0
5610,-5611,0
5451,-5452,0
5284,-5285,0
5111,-5112,0
4932,-4933,0
4748,-4749,0
4560,-4561,0
4367,-4368,0
4172,-4173,0
3974,-3975,0
3773,-3774,0
3572,-3573,0
3370,-3371,0
3168,-3169,0
2966,-2967,0
2766,-2767,0
2568,-2569,0
2372,-2373,0
2180,-2181,0
1991,-1992,0
1807,-1808,0
1628,-1629,0
1455,-1456,0
1289,-1290,0
1130,-1131,0
978,-979,0
835,-836,0
701,-702,0
576,-577,0
462,-463,0
359,-360,0
267,-268,0
188,-189,0
122,-123,0
69,-70,0
31,-32,0
7,-8,0
0,-0,0
-0,0,0
-0,0,0
-0,0,0
-0,0,0
-0,0,0
-0,0,0
-0,0,0
-0,0,0
-0,0,0
-0,0,0
-0,0,0
-0,0,0
-0,0,0
-0,0,0
-0,0,0
-0,0,0
-0,0,0
-0,0,0
-0,0,0
-0,0,0
-0,0,0
-0,0,0
-0,0,0
-0,0,0
-0,0,0
-0,0,0
-0,0,0
-0,0,0
-0,0,0
-0,0,0
-0,0,0
-0,0,0
-0,0,0
-0,0,0
-0,0,0
-0,0,0
-0,0,0
-0,0,0
-0,0,0
-0,0,0
-0,0,0
-0,0,0
-0,0,0
-0,0,0
-0,0,0
-0,0,0
-0,0,0
-0,0,0
-0,0,0
-0,0,0
-0,0,0
-0,0,0
-0,0,0
-0,0,0
-0,0,0
-0,0,0
-0,0,0
-0,0,0
-0,0,0
-0,0,0
-0,0,0
-0,0,0
-0,0,0
-0,0,0
-0,0,0
-0,0,0
-0,0,0
-0,0,0
-0,0,0
-0,0,0
-0,0,0
-0,0,0
-0,0,0
-0,0,0
-0,0,0
-0,0,0
-0,0,0
-0,0,0
-0,0,0
-0,0,0
-0,0,0
-0,0,0
-0,0,0
-0,0,0
-0,0,0
-0,0,0
-0,0,0
-0,0,0
-0,0,0
-0,0,0
-0,0,0
-0,0,0
-0,0,0
-0,0,0
-0,0,0
-0,0,0
-0,0,0
-0,0,0
-0,0,0
-0,0,0
-0,0,0
